6576
3472
645
3592
2972
628
4196
6811
5535
5835
1229
3716
3532
4956
6158
9749
4620
3296
9724
3120
4526
6406
8983
3445
574
1691
6588
538
664
8104
877
353
2942
7004
623
4852
5625
7611
7842
8724
1149
135
3590
146
7328
3855
7804
1741
6909
9381
2779
9102
83
692
532
7312
6099
6161
1047
2405
5290
7569
9959
2628
2139
1228
7580
2471
1778
7440
8456
2148
9444
4745
6125
7210
4698
5616
1180
4815
6064
6226
9472
7479
9593
2482
3005
8536
5333
1105
7587
732
5638
1165
1064
4518
8399
5032
7508
3896
3438
3978
2638
8245
4059
4169
744
7362
4769
1049
6518
6467
558
2143
3061
5603
9190
2186
1226
3603
7004
1300
1768
423
1347
5396
4566
5230
1665
6152
2000
3617
9173
786
668
1597
1579
6224
7728
6260
2158
3425
3267
9312
734
452
5169
9562
1570
8211
9235
6890
1711
2064
4750
8960
7545
4767
1754
787
8217
4565
9942
2088
273
2815
7579
837
9388
9269
1886
3830
809
4640
7321
8319
9881
1626
3020
1411
454
5893
1984
2357
2999
336
8829
5950
1457
2405
365
2334
49
9094
8592
1270
119
3017
9313
5253
6117
4977
9160
1505
153
4591
6562
3576
4854
72
1134
3016
5050
9193
1945
1852
747
2521
8061
6344
259
8366
2885
4439
2718
9107
5268
3554
2050
7432
3799
2020
6735
1098
2792
3916
6182
9029
5316
3059
3758
4583
2399
1135
8357
70
5271
2342
7780
3877
406
8295
7686
2403
8252
5718
3035
7285
8428
6678
5960
101
949
2364
6385
7626
7157
2737
4841
8938
1593
7096
1033
4493
9768
7873
9935
9109
96
381
1561
5739
5584
5923
8499
6731
1849
5442
8606
6850
8287
6040
2769
9223
1588
6467
2083
3400
1158
5606
6938
9463
920
8366
5758
9685
9023
229
9298
9356
5470
3175
4196
1683
9988
7619
2946
2190
8275
2469
5519
4341
6197
8545
1654
7158
4058
5794
3791
3341
4837
8900
3232
2675
9736
7438
9958
580
7085
5013
5284
5253
727
285
2426
9670
4536
3281
3370
6549
1348
9077
6199
6835
3573
8137
8351
8731
7617
5233
571
7376
5529
7731
1044
342
6467
0
7528
916
2634
4999
7757
9240
581
3623
5941
7131
5749
1539
9299
5575
4099
4363
3245
4726
201
6424
4083
7389
735
2024
8895
8745
6170
1483
8717
8392
8752
1324
9773
7740
8255
4468
2070
6843
30
5756
765
3114
2980
1458
2358
8124
6008
5311
6667
1717
5928
7590
1099
4580
3870
2990
5412
4000
8064
8275
84
9682
7911
106
9868
8644
3826
6436
7366
1592
4988
8838
5865
7212
3947
7446
9659
1052
5771
1256
1110
2057
666
6250
2670
3145
3925
1148
5874
5774
7043
9429
5536
6763
16
1858
3934
7301
2061
2655
3815
1174
582
139
2082
4024
900
1575
9337
5376
1300
9424
5864
537
2695
8525
8629
2851
9788
794
1744
1706
75
6071
6490
1884
4819
9979
7195
5158
6807
845
5374
7438
1156
4820
432
9766
7222
2957
553
6271
6955
9389
7625
8029
3128
2039
1527
394
8490
9648
8054
5517
4192
2530
2618
3148
4056
2990
2282
9743
6439
1301
1493
1927
269
393
1033
8431
3592
1135
9026
5842
9080
8616
4961
8717
5907
5920
3245
2166
121
7782
2782
7006
6491
1870
4615
2195
3143
1763
4771
3592
4935
9217
5412
5881
3467
6721
6952
7322
1828
8230
429
1424
7699
4153
2151
1794
5041
5264
8383
8720
144
388
4077
8213
5202
8658
4202
3753
2249
5058
6575
8090
4638
6823
1395
4701
7205
1558
3123
4287
1041
4026
2530
6209
4820
935
7043
2531
5674
3902
8100
3071
8775
5009
6430
2794
8622
1736
6890
5015
2452
6754
9782
7933
5188
7855
1960
7945
9923
542
4659
487
5943
5347
8584
1389
1668
1788
3198
2280
7479
2707
1813
6860
5447
9846
7271
2182
2344
3142
6448
5636
2353
7549
3888
2823
1825
9251
6190
7639
2046
3362
5775
7624
4078
4985
103
6781
377
6350
6048
170
8494
216
2729
9726
6038
9915
8672
8352
5862
6421
7667
1128
1465
4329
259
4082
5389
4986
1419
2735
2140
8666
3632
3485
5822
3
5161
1896
6141
2150
8432
5872
2361
4770
2313
7165
5645
8120
1810
2128
5970
6621
3596
5004
8514
799
3210
5269
9552
2235
471
6344
1830
6382
7261
6395
7151
666
83
8710
6758
7372
2295
7906
14
3452
284
9905
5812
8021
6341
6575
2290
7525
6611
2167
6982
5783
3387
8793
8050
9679
8268
1274
884
2629
335
2460
4105
1511
4992
7824
7550
7016
8060
9801
759
9309
2923
67
7300
7225
8256
9140
48
1655
1807
4449
8491
8760
4382
4836
219
270
9679
1725
5519
4809
6701
6631
8324
5807
2725
2301
283
3969
2488
1164
3963
4124
7534
7770
2851
3997
3724
9511
67
265
840
3379
4955
6028
1661
2432
8227
160
6139
2666
2237
2048
4848
4404
7048
5565
8221
2133
3175
6241
2514
2147
7362
3954
9676
3454
1658
1721
784
688
466
6116
856
180
6429
4537
3629
8389
9843
7004
101
9384
2920
1987
5136
9052
7582
1528
6366
1472
9193
6958
4179
8983
5987
823
397
1096
6594
8901
7653
4520
503
3472
20
1932
4953
824
5033
57
5665
2732
2280
5167
6966
5690
868
9926
2828
1479
4144
9703
9449
8833
2003
2910
3240
1027
5610
527
5282
6393
7187
7863
3961
2565
8599
9251
7318
2081
3558
8103
6358
5238
7178
7464
7457
6572
7221
6922
5756
867
1260
9298
5343
5234
6841
4019
5352
4062
8411
6811
1793
7405
6881
3651
5760
7898
1271
5842
5694
5084
1535
6500
955
1155
323
650
6688
5939
4010
6017
4932
4948
1210
3495
6419
4648
4189
171
5851
3695
1223
3637
6649
5800
4407
8134
884
7177
4812
641
5304
4496
3162
2537
8551
5851
2732
1565
8938
7445
1228
8194
4526
2178
5745
6928
4205
5149
5257
5312
9401
5199
4727
2692
2353
7795
6542
2567
7149
2376
4255
6742
6748
103
2815
4047
1073
8965
4749
137
2169
4331
7970
6053
8768
8052
3178
1156
4981
2695
7586
3929
731
4278
7859
8752
5089
1958
238
7054
7972
4208
5656
4171
8147
8503
9511
2174
8819
6107
2205
2599
788
3261
9045
4435
7492
5732
76
4667
403
8367
8899
1054
167
9212
6114
129
5793
1977
9854
5012
6831
4889
3326
2647
1299
2489
9674
5836
6612
4387
1957
5503
9491
482
2829
7027
3361
952
8496
5646
5183
5597
1554
5032
8102
5945
476
8224
9081
2195
1623
7632
8343
2602
5369
3282
9989
4437
1599
35
3179
9654
4652
3399
8350
132
8945
5293
1871
2649
2590
9204
2177
5705
5319
4750
528
228
5722
9668
8785
3774
9184
6651
8884
7037
915
5189
1681
9074
3759
5850
4546
9260
6427
2233
9421
3161
7818
9546
1350
1263
6461
1846
3458
9594
7371
7945
3502
8246
420
5254
7953
5760
3586
5419
8735
6616
113
3335
8592
9018
9265
9370
2336
6525
2746
7644
9512
9482
2815
5105
5726
3201
773
5306
3080
1593
3990
4591
4214
3223
5857
2700
8849
2322
3285
6762
2702
1268
1374
5152
3848
9235
8638
2762
8237
6272
1792
2200
6343
7519
7481
3370
8991
9145
9984
2714
7085
79
4399
6282
4386
7119
2650
2193
185
5516
8608
7888
9499
2425
6896
7769
5331
9814
1502
5970
9537
7598
1077
5398
6851
1888
4463
9053
3505
5741
1267
9662
9655
4081
9695
9618
6872
5094
9670
2538
7121
1445
4523
8243
2365
4718
7135
6937
4599
1499
3192
554
9124
31
8066
6429
2722
9556
3818
1875
1692
3910
8361
3132
9728
522
1149
7277
1826
9348
1278
7777
2338
5175
8944
6125
139
9821
6340
3640
7966
9081
8148
7547
9951
2907
9551
3110
6557
7077
3009
403
1576
540
6023
2574
5454
369
1906
2485
4999
8048
3930
573
6658
5816
8884
373
31
2604
9783
5791
5422
8010
987
2364
568
5994
579
4023
5709
1657
4141
9285
8477
4023
7272
8828
1435
3549
2517
9009
7743
867
1265
1590
2891
369
1538
7604
3776
2212
991
2693
3409
1620
8197
2662
5128
6100
2759
842
8440
89
9494
2642
1620
1486
6146
7964
1486
1271
943
9466
1474
3445
1788
7349
5827
954
1504
3281
4246
3757
7285
6114
350
2832
3673
4943
2312
3232
4883
3239
7768
2589
7683
6209
1987
8795
3245
1912
8639
935
4248
1479
3207
1230
3954
9601
3940
2043
9718
3412
4377
6623
1472
1983
3885
9686
8720
6257
4702
4439
606
2276
5924
652
3037
9035
1699
3316
1890
3367
9606
1221
7975
1520
2792
4565
5547
4258
7684
1531
2829
1782
2705
6162
5689
5923
870
5342
9282
4196
2180
9969
9072
8715
6051
4736
1755
5174
8477
1154
4729
882
5851
9769
1237
8301
5676
3604
7073
4161
1197
8595
2125
5485
5062
9229
7560
7718
9073
8079
8709
9662
224
1574
7682
7475
8815
9343
7446
7532
4568
2684
4361
5472
5286
8266
6089
2151
4604
7233
5594
9076
598
8604
3533
468
1184
1417
2964
9616
1014
4066
4996
6873
7148
2510
396
5941
5791
6866
5589
4020
3355
5948
8251
5081
2271
1825
9228
1173
3454
309
6430
1238
3991
3739
4853
448
2567
7054
9877
2490
1197
9056
773
589
6862
7536
9429
2888
539
7585
1841
4167
5520
1560
1047
4581
382
9606
1989
6784
3403
1960
1462
8732
392
6843
4063
6923
4611
4740
692
2443
2270
3919
8849
6112
576
1845
2486
9556
8603
1364
6498
2508
2878
3338
6723
3005
2411
4193
3117
943
1227
4514
5290
416
801
339
6544
236
12
6274
5433
9740
4401
183
1135
4828
633
437
2134
8577
3671
8722
7263
9659
4540
9368
282
1848
366
3290
3227
4458
2071
106
6305
1001
5434
1770
9555
8507
4299
7730
4075
8803
1439
6194
2488
8664
6673
7048
5358
2280
2487
9764
3713
4013
2452
8170
4978
6766
2704
1416
8649
377
2837
8537
9459
432
955
2105
526
5937
1366
3914
3155
9290
6446
8182
9635
93
3936
5846
1238
5456
4403
9714
5599
41
6925
8074
2324
344
9863
3749
9276
597
4334
6647
2426
43
3244
3592
8761
7269
5175
1139
4696
9481
4471
268
6713
7666
6030
806
7109
4290
9059
1684
4546
2759
1103
606
391
2093
3196
583
7950
7557
7435
12
6667
869
165
1903
973
7791
2516
6149
4515
118
4243
3388
2497
7711
1091
1874
8563
9125
7007
8370
5121
7727
2658
4336
8275
1221
1576
1799
4919
4241
8611
5712
209
3635
3263
7830
8514
3336
5783
1032
4988
3339
3705
4670
5940
9868
8391
7728
4985
5537
6320
3124
997
9354
8703
5494
562
3865
7554
700
2302
9714
1629
6794
1026
463
528
1748
5679
1351
199
3
8442
9280
16
5290
5098
9858
1730
8553
9551
3262
444
1649
485
7055
2572
2889
2858
7552
129
4640
6860
8046
8627
5044
6422
5936
7473
9154
333
8756
1051
5391
6534
3931
2322
7079
8202
1176
1580
3269
5388
3429
5885
2002
7610
6327
4274
5760
99
5042
3055
4393
1065
4928
4572
9284
4726
8798
523
6201
1587
4088
1997
1652
9175
5750
678
1455
893
630
7406
9531
489
5165
4521
127
9964
440
1113
389
2710
488
3763
320
8188
3821
7264
6003
9754
4722
5316
5854
6586
6425
9524
5818
7302
120
2659
488
682
8341
2574
6500
5566
6222
5754
1552
850
1516
3226
3486
6602
7737
8901
7901
2749
5967
102
4265
1881
1843
6710
4508
6489
9858
184
8121
106
6586
3987
1371
2490
4972
518
2073
2353
1281
2662
7996
8213
9451
9115
8804
9785
333
1564
504
2837
1453
3784
6333
6972
6921
1544
5370
3257
88
6129
297
3340
9923
7901
5343
5876
1731
7500
5648
3613
253
311
9693
6332
7451
1814
1599
216
3212
6834
3849
2252
912
141
3209
7450
9180
7569
9535
4562
3365
5111
2817
1011
763
1321
2606
3345
1443
9850
2593
8664
4442
7444
5833
736
6502
1025
7559
7953
1007
9006
1543
1129
2751
1070
7395
1228
7541
59
3220
2715
944
2178
7658
5384
7738
383
4638
3737
3635
5030
9782
2315
2080
2021
2425
7752
9204
5446
9412
3004
8045
8825
1244
2549
6994
8529
132
9
2316
2429
7761
9133
2930
746
5532
5283
873
439
1880
8835
4987
570
5589
7629
5560
9521
597
2189
3163
444
8621
4705
2815
713
2334
6999
3137
5615
4164
2058
3511
8383
6846
943
2737
9831
8655
2251
4351
3290
6052
2295
4420
4061
4360
9767
5273
8034
2133
5191
9301
378
5387
7879
3500
6615
2709
4072
5061
9952
970
2823
8064
2537
2050
1610
8791
2978
2443
7161
4821
2718
2298
5183
6933
8695
4709
1072
7468
8703
2864
845
1849
9050
8646
1142
2444
2155
6459
768
8885
301
768
9847
2606
3187
4535
309
8364
7633
9351
9140
8625
1724
5346
3200
838
6031
1221
3217
3624
3584
4815
2344
8352
2019
6070
1367
8919
2174
4487
7030
2345
2716
8044
1699
5162
1685
6115
5321
6502
8541
7804
5573
733
1452
7811
2229
2224
2159
9983
1665
3845
3950
6826
8591
6897
3213
2371
1986
4662
5190
5584
1906
5418
1622
7719
9666
6218
1991
959
9566
7103
3279
498
4867
1345
6103
7430
20
6025
1534
5821
1833
6235
287
8393
4827
3348
6624
2692
1918
2800
7244
6431
9086
9695
1508
1753
1597
3192
1121
2819
8907
9071
5022
561
1991
2052
5251
1523
8965
4956
6980
5061
8465
7523
2300
5828
9235
7953
4612
3682
3876
6157
5289
3292
5199
1776
2461
842
9131
7660
8700
1638
1080
4620
2545
929
168
4141
8762
834
1633
2270
3082
0
4560
1364
6141
6099
6336
7665
6833
9029
8827
7254
1028
319
5984
7110
168
4417
9397
8125
7406
1410
8463
2048
4690
4969
5344
8599
4643
155
2464
4537
5558
7206
6911
9414
9947
1293
9129
6587
4080
85
8764
7234
7076
4015
118
3384
4847
648
547
5555
832
6781
837
7427
5896
5859
8324
7799
5653
7701
8841
4404
5729
9215
565
3650
5532
3083
9719
8296
4439
778
2238
5241
803
6006
2620
2670
7849
9205
4524
5078
1787
1984
2629
139
7898
9973
2638
3815
1002
4041
4485
5063
2211
66
8827
9583
3930
6565
2082
7982
8831
8235
3290
1812
3256
5802
1448
6513
6126
8497
7064
3215
2293
1907
8437
8418
6338
2424
70
1183
6345
9328
6059
7483
9221
2537
1560
1349
923
883
5905
5847
9313
2786
6984
4409
234
2500
1970
839
1157
5668
3856
4485
3592
1022
4733
2735
1383
9827
4499
3061
2090
7135
2100
1479
6573
906
6885
7245
3209
5836
9981
939
9699
101
9407
195
1219
3084
1427
9355
5560
2133
5452
4800
603
1688
5398
6875
1569
304
6990
7843
9557
7857
1319
1875
4149
8190
3946
798
9467
6346
509
80
479
7981
3207
7719
2138
2425
1699
770
2014
2510
2355
4232
5765
8618
1720
6237
8264
709
703
2544
2050
2541
4301
2344
7427
6141
2910
9696
4824
9683
1098
640
1131
9570
3754
3535
903
9445
7609
5414
6032
2917
1630
5318
2432
4413
4090
8461
132
6635
1517
6645
9321
1818
1805
4333
4721
5246
4970
5788
6394
1008
7227
8835
577
5675
205
50
4642
9254
318
1390
8724
979
1365
4754
3171
4022
5844
7267
2509
2410
1872
6552
5874
6977
3697
5370
9941
267
2341
617
4968
5065
7321
8655
6727
6914
8283
2137
6932
6549
1162
2882
4035
8592
5135
8930
2534
7520
7728
9688
9724
6634
5233
5603
7125
6122
2782
760
7065
1930
8264
5423
3322
4486
8908
4638
8631
1565
6426
4362
563
8378
4419
1851
8741
5315
3076
1168
1521
98
9587
531
7239
8339
552
6830
474
781
3742
9118
2900
9700
4234
5606
680
9790
6923
7399
8168
485
9634
5455
7544
2444
708
800
5219
518
6349
8947
7580
9299
1448
684
6119
9132
3340
1888
9770
9297
1433
5140
2622
4545
5540
727
8250
1082
9247
8099
50
7730
8396
8304
6331
8805
8051
1082
3139
6767
4370
6676
143
556
7973
7116
1957
8286
7366
433
843
672
9814
1298
1471
8937
1261
2809
920
3586
7327
8441
9053
3323
2528
5491
4597
7099
1881
1823
3310
3671
7578
3993
5090
1653
1234
6266
4247
2113
7422
745
5974
3488
3022
3377
7519
4083
5966
805
2794
7646
8324
3441
1089
7098
1797
2066
6460
391
573
5465
6605
6806
7438
6396
7518
8262
7944
1726
7015
2893
9323
3569
1124
4218
5369
472
1670
7161
8015
7825
2729
1494
4037
4195
3830
6549
5300
1701
794
8561
3303
4992
3959
4948
9206
4613
8969
5639
9455
6561
2651
4410
2677
6576
2539
7222
7502
2224
3196
6849
4023
3912
7723
5714
5371
6808
1620
8981
3156
3298
149
2145
497
9466
7443
9448
6392
3531
204
9695
7294
5450
9149
1951
2581
1598
1845
3675
245
1584
1433
6100
4399
1567
2297
6009
8941
6231
6099
4898
974
4387
759
1262
6145
5729
3659
9324
767
4966
3968
5927
2094
849
1796
9542
7923
7396
5417
5411
7368
2048
5781
3833
574
4688
1884
7668
468
2425
6204
1844
921
4960
1911
3922
9951
6700
342
630
3425
430
9451
7720
198
8527
1480
4405
1382
2425
1614
6612
6204
3192
4009
4938
5005
6866
6666
2171
3080
6964
7541
5026
7886
1935
2733
3251
724
3076
5292
8159
951
5596
9527
807
4287
2027
1920
805
1127
4837
9710
6583
9803
5137
9483
1341
5635
8621
3277
2278
80
6434
4711
2229
8853
1930
5408
4730
7448
1632
9141
2670
5416
3063
1818
8815
9984
6509
7974
1741
1885
1408
960
9748
3085
5778
101
8171
2505
7401
4796
4172
1109
731
8987
1670
3525
184
5802
1727
3746
9688
5352
9197
989
7895
398
4951
2018
9373
6257
1719
3873
6915
3068
2883
5610
1859
2125
7596
2839
7583
3518
9159
1518
3061
6167
8603
8166
9938
6226
7193
7882
7876
5760
8738
4557
3780
8554
3078
8061
6868
4521
5673
1098
4757
1258
3419
4345
7901
189
2216
5956
3239
3725
8125
8532
7178
421
8716
1762
287
8208
4738
5530
4605
9490
3799
9569
2407
3253
9413
7656
5785
583
8348
8593
799
3362
5606
3666
1735
6219
1671
6664
2599
608
9847
4014
2914
3212
7507
2622
8327
2492
320
6999
9898
1271
8386
2192
8552
6217
2524
4988
693
5089
7688
2414
2296
268
4346
5358
1737
7745
1568
797
825
9647
8221
7237
643
9907
3670
4549
2546
9039
2252
12
6020
1431
2476
691
525
2845
6099
4416
7774
7056
8677
6872
1736
1008
6896
309
5132
2358
1788
744
4
8930
6727
7649
8519
4868
174
7901
8361
4255
3966
6927
1313
362
4780
8818
9728
3289
1713
4941
8223
2796
6731
2840
231
2135
5632
9582
1382
3250
2644
8852
7457
9601
2268
1033
773
1894
419
8526
883
6533
6782
7512
7436
6825
1052
5812
24
5845
3296
202
3773
9758
4305
6677
1358
1111
5281
1650
1570
1980
4253
2327
6359
3716
5797
6118
7718
3777
381
6065
2152
713
4371
6176
6586
6874
242
241
509
9097
2662
1248
2242
7148
2592
8536
5620
4617
1229
9624
1781
4638
2706
5561
2350
2547
4458
9039
1905
9981
6468
8414
5601
5316
8294
1967
7045
2167
39
6163
600
9774
8444
999
7525
8080
3217
6824
449
4086
5674
1257
4185
1215
58
2275
5230
6582
2211
5037
270
8962
6591
28
2661
3612
9696
6876
2100
9958
5171
4191
3248
2122
2698
2550
5758
5728
3145
3742
7438
1860
1473
4477
1493
695
5404
7213
32
5525
904
2295
9221
5848
168
8084
620
8091
4838
9232
1119
337
3566
432
7262
8534
9831
3637
4694
6102
7011
2514
642
2269
3834
3547
9730
1503
1041
606
411
8297
4737
8102
4015
3063
8117
6317
1999
2151
643
7538
6782
3454
1887
2012
3912
8922
3837
2174
7091
808
3718
1851
8277
1623
5852
1211
8230
6589
8001
2015
2487
4728
3029
9921
5987
5863
7327
9488
3477
6714
846
475
5082
7831
3839
2619
4169
9647
9362
2406
4560
8752
905
2561
2720
4380
7441
6550
1339
1738
7124
951
1005
4940
2989
2625
1482
5104
653
3380
1430
3611
2606
3058
9787
2051
6327
1430
7622
747
3407
4296
3714
7205
4949
5406
8810
2515
1935
1588
7785
8334
6913
9023
1476
9963
4177
5726
2922
1707
3529
9266
3627
9425
9900
3248
7975
7530
7757
1413
9096
7016
8092
6905
7251
1807
3730
7703
5547
4452
2255
4684
8535
594
146
7790
8036
47
8505
607
3278
4958
6281
7746
299
4422
4592
6413
2808
4052
8041
3791
7576
6924
657
6708
3946
9958
6632
2263
1627
7831
6441
2679
637
1100
6637
909
1750
4654
8540
1597
8827
6979
9046
2139
5838
8081
898
9792
5221
8697
293
813
6206
929
693
351
4816
194
6238
3988
2675
3971
421
5980
1683
6966
1099
4756
609
2466
3668
9359
6395
7184
7928
5094
4332
1866
6458
5266
9463
6913
7431
1286
3360
3166
8449
9122
5260
3883
2173
4966
5706
8946
2474
708
5346
3670
820
2266
5069
1378
3927
3038
8884
3359
7767
1978
4030
921
191
4890
3093
1444
2809
9507
6040
2523
8222
647
150
5225
7262
9382
2969
9740
6001
4855
305
9526
6287
1863
6979
2966
4478
5345
4209
8886
4906
4720
5643
9606
4442
5361
6983
8938
6817
795
3709
8799
497
3795
8742
1252
1367
4140
8103
855
6755
1052
6856
8445
2262
2997
650
789
65
4705
9127
4447
4427
3503
1276
4265
6675
5246
9781
7803
5815
4263
2760
9316
2581
3777
2533
1828
4784
2703
4444
476
8374
2108
7535
4402
3935
4441
1786
393
3320
1414
944
1857
2912
2304
5496
7691
6706
8826
6216
7583
2133
4511
976
2305
9665
3206
9098
2418
7619
6791
5024
467
6850
9934
6495
6975
9075
7694
5787
5465
4762
7639
7508
7460
5682
586
1495
9122
3935
3948
1559
5119
5138
5466
1373
750
2060
9341
2093
8548
406
1918
4268
212
6065
6619
127
8571
3114
8042
7750
2749
1728
1261
9977
8736
4025
1606
465
9783
3953
1405
1626
1153
165
6545
1127
5780
2431
2380
183
1347
723
9081
9063
5544
2249
4426
6440
1662
1291
9029
9698
1598
4978
3727
2825
460
6269
5180
2223
7347
6402
2165
1082
5423
4055
8187
8807
8809
1330
6091
8111
7544
9344
3075
7689
3205
6756
4724
1217
9856
2048
760
2280
1650
2088
4966
1067
5778
1173
3843
9048
5932
1576
763
9598
4335
9616
1857
980
2166
1661
5491
3933
3929
4085
5250
891
4693
3288
6288
786
4057
2559
8827
6910
6226
1290
1241
264
666
74
6692
148
4412
4892
216
158
8827
1159
42
2839
163
1448
6396
6250
2896
3196
9678
9108
3486
3437
5303
323
8001
7041
9845
3630
5094
400
8993
2054
8394
9204
5542
6124
2569
8581
2643
1827
8201
4502
9023
2038
3561
3834
3101
4205
6900
4732
1456
8636
1210
3917
2593
4477
3792
2910
6990
9408
2775
7889
2069
1391
6139
1835
4306
39
2173
1069
7573
1444
1827
4195
3336
395
5102
4316
9007
3022
6764
9948
5008
3772
7008
3790
9157
5047
831
9086
1696
906
7467
1814
6190
5467
5605
5511
2383
4653
1439
4826
1942
1929
7440
3527
8540
3886
8443
9047
2153
8470
610
1605
4709
2971
6471
7242
2332
8842
2420
3225
881
1718
6588
5351
7252
5857
6865
975
7430
1351
6102
5750
1788
6747
72
7290
1219
3717
1993
3760
756
4092
7693
1199
7032
8849
8873
6343
7933
444
856
4486
8025
2364
4000
2332
3022
9145
53
7709
895
6747
4508
9319
1634
7136
3123
6244
8982
2490
3375
6546
439
5048
4565
8962
1168
3719
5469
9982
8113
3287
2340
766
7633
290
8321
636
8677
7995
906
9463
5249
1620
8056
6133
9566
5955
57
5421
461
2501
6660
8916
3163
8738
3378
9397
7334
9588
9499
470
5199
4115
366
1465
5232
9874
9078
4337
6800
2848
7993
5958
6757
3671
9058
4682
6617
1065
2706
5820
5312
204
9602
9197
2136
8643
9116
2978
2306
2624
5115
2473
6160
4678
2336
4719
4608
5188
7782
4321
4616
223
2712
1186
7170
4766
9042
268
8458
876
4662
9946
6981
1753
4704
838
8597
4322
9595
8911
1115
387
1221
237
2604
5578
4640
1864
566
1694
7931
9365
6756
7184
2065
5106
9265
2000
5984
4389
5402
5411
8957
1807
4407
227
3686
7943
5035
3112
8231
677
7049
1206
401
1435
3546
7959
7576
6811
1708
90
1164
597
9725
4107
5883
6415
2377
1094
5380
5355
5168
6934
383
8611
316
8403
1948
4200
3041
5660
1273
7723
7189
2032
7223
7787
8178
739
1503
1137
4890
2463
2177
9801
203
1913
6830
5314
4099
2998
8103
6598
117
3790
4868
7374
5692
448
4106
1184
8848
5926
567
8235
2407
3977
5471
7205
2030
8920
6845
3458
759
598
1042
2808
2277
2066
7633
3505
278
7290
5311
9440
17
402
2869
5543
848
226
6760
57
8863
5646
2490
4668
3526
3386
2610
1649
6339
813
5162
8358
8220
437
9815
8875
6372
4876
9390
1429
555
6010
9077
4784
9275
3435
5976
4840
6048
8529
190
2633
1367
2637
7323
5445
9003
7994
8086
3734
1452
5275
2541
1925
7201
4855
5304
2378
1391
8433
3260
2725
2826
8125
690
4189
9707
3935
5847
5719
883
8614
9428
313
2048
8026
2640
7727
1709
2466
565
3965
7887
4473
8976
1750
8653
1953
5229
4509
5343
8600
8771
3611
8778
6763
6188
1568
5002
7960
6968
7373
7666
2360
418
2385
4001
3485
1619
2946
6613
6696
2389
6894
804
1119
6219
8627
88
8461
9295
2652
3643
90
2747
7965
1124
284
2525
5953
1792
2110
2197
497
805
4112
3856
3256
7730
1231
3034
8501
4171
6438
656
3265
7236
8469
9924
386
8972
802
3652
5471
3580
925
380
6708
3599
137
5867
8728
5812
1831
1684
7293
4658
5140
6887
9688
77
9559
2959
530
8630
2676
6140
638
4391
5860
276
8060
2094
2328
6437
5053
5385
4139
6927
6728
8196
1304
4368
6396
2975
4813
1183
391
148
3646
333
3559
9127
1773
8601
2207
2495
552
8835
4460
9652
3171
8595
9720
7273
6088
9467
1375
1163
1612
474
3649
7930
4628
5395
583
3833
3127
2045
5000
1985
1990
9772
4638
3771
2793
1696
4373
2061
4908
716
5300
6739
827
3497
3872
578
9289
3772
5693
7658
2999
7478
7366
9610
642
9995
3567
3577
3854
8454
3992
7602
2226
9994
5045
1374
2548
7883
444
1881
1975
4670
8847
2318
8098
1967
1594
3572
6067
5138
991
1789
1268
4460
6512
8300
6812
8434
1677
7575
4617
1890
47
990
3340
6705
6484
5643
9814
4564
1500
298
7682
3875
370
4923
6498
1051
8864
2677
3023
260
8764
5117
5467
770
2919
2855
297
5727
4665
300
1888
4969
1813
4398
1244
359
6850
456
5605
5810
8428
3913
420
6882
3032
3266
6387
631
1464
1501
5380
585
6702
1073
9653
8594
8227
388
7954
7802
1866
9168
7147
371
1137
6633
4312
7862
5320
7101
2555
4685
8086
3117
2741
9763
648
7932
8667
8953
1146
213
3594
5707
2075
3266
6729
8482
4508
1802
2494
2571
506
698
7955
9144
2444
9224
6778
8101
31
8740
8303
925
528
6559
8589
2270
3849
6912
4788
1563
8400
5541
9514
5505
44
2711
7375
8284
8106
6258
7397
4394
159
7123
2415
4096
7822
258
873
876
396
8706
2105
8795
8387
1143
7141
6139
8388
2839
2277
2372
752
1396
4682
771
2585
9529
5584
1447
6868
3939
1999
9615
5522
4242
4712
4707
3631
8848
7454
7971
6490
2209
5458
925
4727
5868
8964
9555
7905
1289
9207
5355
3396
9323
341
7049
634
6784
1426
9786
4611
8822
869
8258
6411
800
6804
4985
503
2362
2608
5922
9040
7401
5937
12
1347
6919
7091
7148
1160
1405
1425
90
1330
5281
1888
795
3638
9411
9984
9647
6655
371
5502
5100
7761
5717
3965
4539
9501
6423
3815
9409
53
6002
4431
1585
7089
9807
5944
5535
9264
812
3627
8984
2755
95
8885
449
7238
9755
2415
5741
7056
4609
6019
5827
6862
4248
4779
1343
8731
8751
8251
5096
498
979
5138
2306
3991
8301
2413
7781
8451
3469
8286
7277
142
4541
3355
6435
6658
4799
5961
8380
1374
8584
538
8113
1656
4593
8373
671
5031
4252
7253
4399
2623
6100
36
600
8366
7192
7546
6164
7303
6281
3952
5809
1933
8722
1482
89
2242
1704
2869
7940
1136
2065
5805
1612
9672
6826
9955
625
1210
7156
7388
9646
4868
3614
4413
8796
9726
5065
2085
2181
7829
5256
4188
2716
838
998
1915
7499
2222
6733
1468
7629
2143
6916
1028
9661
790
8424
9741
447
4347
2719
1081
2382
2489
2105
2403
3749
7390
5991
8168
6545
3317
9345
4167
7270
5538
7986
1925
1202
7182
9095
628
6255
3396
7720
2341
4813
5546
4278
4027
3903
4724
1686
5986
3365
1397
5868
7616
6218
8344
604
3163
879
6015
9372
6843
8807
6217
7326
4017
180
57
9869
2536
5458
3700
5622
7274
8835
6828
3914
7958
5899
2427
8592
3921
5340
7089
5536
8043
1493
2146
5021
5828
7094
2218
802
2943
9496
9027
3217
2085
5403
1672
4776
2685
9711
5066
7254
1354
9942
2643
1500
6150
5866
5209
4534
6398
7500
182
1916
6685
7693
3253
1924
4621
5248
6111
9275
2043
7103
1623
8116
9723
4285
5203
9712
7117
9084
5469
5807
5966
1104
584
1381
2065
4372
630
560
9087
2715
1945
5993
2621
6842
1465
2249
2158
148
9766
5070
1496
6693
8703
9967
4683
3460
1714
2444
2415
3714
9924
9961
7725
6200
1667
9772
5249
4817
2218
9813
7358
1379
469
5086
5475
2724
4246
5187
3517
282
2071
340
7501
7235
2625
3273
9947
6006
7388
917
1243
9338
2184
4957
4639
1094
9260
7531
253
665
2237
5390
7971
2027
4497
9460
8184
7491
6099
6491
7940
8890
8106
7413
8498
2223
2790
3562
7125
4221
7995
4946
9578
1754
9201
1523
4413
8098
3546
5687
478
8212
8918
2482
5684
714
2356
4019
1458
6127
4730
7401
8826
2892
9766
6024
4544
755
102
4619
288
2384
4421
1756
5635
668
2199
1410
7213
1508
8135
9915
1562
9354
302
6234
1115
4410
263
1074
2092
1984
4881
2948
2040
8424
1301
7781
702
293
5896
4020
4901
8455
979
5978
2014
2007
6673
5699
9066
2068
8985
524
764
1587
7629
1118
111
7602
2322
2042
187
2942
4497
9188
372
838
7613
8933
5348
2831
8550
7596
1659
9609
6029
4117
6324
3906
1321
8189
1225
9738
4409
2469
5881
5239
8107
2629
9913
154
6685
4050
6393
5249
5794
3202
8008
1934
8727
8672
5707
1496
7942
4972
2650
5008
5819
5621
9483
727
3573
3705
4644
8158
3375
3644
2491
7934
8752
8983
224
4986
463
3331
1901
753
6955
326
1596
2728
4251
8061
4010
9480
7153
4027
6891
7491
7252
1809
5726
6269
5134
863
6130
5721
1667
1049
5017
5665
7011
7725
4908
3162
2050
3524
1215
8599
7670
2455
4711
6221
1680
37
8569
2807
3535
3666
3092
1882
4049
3106
2594
3324
6444
2070
3259
33
2956
9093
2891
22
4605
1887
4757
498
6028
8446
4920
6297
9129
6974
5089
1859
864
479
5472
5869
408
3817
9663
2222
7818
1183
8177
5820
6678
2454
9464
6847
8803
6824
1626
2663
1991
8292
7492
954
1030
8249
1375
1425
8493
2291
162
2771
9537
7140
6888
354
5363
967
3636
3461
2519
8513
1106
3285
3750
3704
640
4972
353
3465
45
5306
1126
7557
3296
1546
1880
8796
9484
2693
7194
605
7059
6838
556
5179
8296
782
4729
1556
42
840
5536
3279
6094
2543
4306
8532
2379
8590
6635
2881
7516
3577
7173
3017
978
203
4681
7823
4232
575
2632
5140
1531
8386
6361
4397
2953
2809
8035
4121
2537
7743
5533
8306
8396
8786
2035
673
4434
9407
1804
807
3952
7626
2331
4569
1808
8531
1731
7707
1146
6678
942
145
7330
961
47
4770
7426
9387
4614
2686
1705
9539
7365
5521
1044
4502
1057
2120
716
38
5131
388
5344
439
7535
5901
3988
2891
2140
8232
1834
5441
9765
5356
6833
1786
1528
2609
4363
6300
7005
9530
6131
810
2705
9797
5918
3316
6996
5889
4833
618
2703
7711
5460
6135
9690
3420
2646
8860
8445
6590
145
1370
1013
9836
2110
68
6906
2707
6956
7701
6479
3494
254
8126
1113
646
5443
8914
2515
8787
90
2197
9569
2433
4148
6130
7204
2862
9836
8460
7230
4611
4309
4568
7030
8138
4932
7001
9102
6191
3406
7804
8579
1673
8210
8965
37
2219
9818
5049
712
8646
6718
5038
9289
2690
9033
4672
9989
5453
4544
165
8503
8770
7569
739
9968
5837
1224
7456
3388
4366
6296
3658
7586
9420
3832
25
9276
3309
8091
3842
1721
8787
9109
1389
4383
5721
6587
4377
3924
3438
9914
1662
1855
177
3706
8419
9643
2302
6612
5521
5692
407
3218
5144
3748
1415
7879
5521
5448
5651
7087
7475
8879
1858
8583
9946
4187
3407
8288
7925
6395
2860
4320
5390
4767
5656
5354
672
8446
5156
879
4500
4293
3203
2309
508
1585
2289
5271
580
4127
4550
6941
6502
9793
5994
6157
8621
3156
7803
4466
828
6288
8012
4764
1935
7072
2833
2920
2
9202
3048
3506
6913
5361
5210
7784
8064
1585
8771
3392
4012
4938
3789
1101
8769
809
7588
9774
1774
867
2838
456
4198
1228
9753
709
3864
3720
7809
125
7905
9007
8418
900
1728
1878
1827
4403
8955
5739
7540
1019
7680
5393
6257
792
7726
4237
2359
1539
2981
7552
5383
442
1979
4807
8889
5780
1265
4783
5794
8463
7013
925
1961
6397
4361
7485
3095
3007
7156
7544
4605
6624
6056
892
2250
6085
2420
9431
1516
8786
5034
7491
8647
3617
947
4889
1092
3296
6834
8223
2172
1048
23
2291
8166
261
4981
941
6461
9443
2245
3696
4229
8373
3900
3650
6703
4828
4731
8941
4523
1942
2710
8388
6013
788
3479
8073
9220
737
3555
8814
1431
6000
7997
6411
7008
6917
202
6128
1245
5639
6629
699
8933
8596
6884
2076
4729
5413
6603
9591
7403
4964
1695
298
1042
540
9245
2464
8222
815
860
1989
3770
4749
9297
8091
5024
3252
321
3740
9713
6835
8316
5489
7796
6548
2664
5858
543
5081
5580
1407
4436
7670
9662
2863
9166
6463
9055
6598
5772
9331
1861
8300
8493
2041
649
3644
4237
3082
7619
667
463
8816
2610
2042
2619
8413
880
8108
1306
8847
4806
1452
3696
9571
3500
6377
456
6535
1011
1587
6102
84
4423
7883
2313
5932
6079
2582
6000
1616
6358
7843
7807
7909
415
4765
4530
72
9317
7058
3281
2272
257
2757
8740
7107
9311
6257
2393
971
1587
1743
4468
3802
88
4298
6582
2252
7977
1457
4385
9293
1716
9628
2394
9291
3771
5107
2912
4332
509
3292
5677
4227
5205
7091
9691
9183
6881
270
2632
1604
7318
114
1613
5374
6849
5152
2827
2915
4337
2788
7255
5177
851
9968
584
377
9246
6020
5406
8162
1745
9745
2341
2432
4058
494
2154
6094
3513
8538
2398
2505
339
1251
2073
3847
219
1479
7217
3145
446
600
3498
797
141
7925
7840
199
9009
3656
3443
992
5690
4474
3458
4079
1288
4973
8300
5064
4654
9067
6930
3826
2852
5675
4177
734
6620
3893
5023
5940
9959
2118
3028
7376
7945
453
7035
5565
826
5670
6712
880
2526
8959
460
7977
4200
1274
5783
5781
506
4987
9501
4568
8192
3714
1741
1705
1694
8130
7230
7614
6598
7139
9546
4762
767
6854
8448
3828
2530
1224
8692
1114
8887
5960
1114
6245
8464
1643
8819
9326
4948
4544
1863
5970
1455
3360
7908
4898
3063
584
3925
558
6914
3130
9479
803
5399
8785
7000
5651
7554
980
3888
1908
7852
1660
7829
3243
4282
7065
9881
6474
9380
5570
7639
5352
1641
9644
5775
7072
2033
1694
8141
7709
8595
1826
1345
9204
6777
5789
2250
7778
2160
1571
5060
2104
1716
4597
3188
7716
5756
28
6929
4930
3346
3787
5094
6114
2278
3568
533
220
1891
5323
9246
9778
1089
3698
3616
8900
7357
2532
6703
1962
982
5596
8759
8541
4761
8425
7184
3415
8752
4524
18
2093
8374
5569
9899
3897
798
7634
7327
7725
2372
7688
9551
3557
4980
3491
6861
2988
7739
3260
9199
1570
411
8233
7026
9452
4946
1921
1680
4636
3036
7745
1925
9523
7976
1342
9599
8724
1929
5851
628
2667
5198
7357
3241
9150
6452
9149
1600
1491
8811
8414
8753
2210
742
9553
1228
2764
2215
6213
5949
4524
8442
1154
9217
2940
2112
2184
7449
5628
463
963
397
2287
3000
786
7443
4438
6218
120
4912
6897
9605
6946
1789
5570
2337
9435
990
7797
192
317
3903
1230
4865
4952
6719
3297
1654
1528
274
183
9561
8913
3154
1824
8698
9550
8390
6148
3356
124
4901
318
3905
6768
2140
2187
1155
3728
8655
6335
4485
5600
9629
1754
7801
8075
5815
2937
531
3461
610
4047
7981
5455
3674
6838
588
4811
9721
6016
5315
3312
697
5331
1943
2608
9974
2069
452
7016
8664
9859
2686
8551
9087
872
8345
963
3376
3901
813
8889
5632
2188
9012
9539
4990
3657
1718
5615
9717
1859
4072
3645
2449
9671
3168
7081
1171
9606
1852
5386
944
1240
531
778
2879
6673
7659
2792
7298
2387
1021
6602
1620
116
9847
1622
3925
2
7120
8899
6834
4804
9969
8283
8568
3538
3474
5156
9017
4200
2579
6432
6448
3047
4044
9009
4546
556
5270
4241
2039
4293
7196
513
5031
1121
4972
896
8328
3288
2739
8415
1399
3755
6184
8658
8484
8525
7975
9689
371
5794
4385
944
9920
4775
161
2324
3971
4466
5235
1959
7540
2443
9056
9654
2497
7339
1709
8057
4302
2323
2037
1338
3916
3697
1491
9402
8189
8687
997
3120
567
5949
2926
9523
1591
2848
5035
7691
6744
3658
5512
4098
4772
9355
2771
5409
9753
1448
5745
5304
4512
3916
3855
7198
6762
157
9196
9418
9164
6704
3318
8545
6813
5695
1154
433
8254
618
6800
4429
7561
3932
1358
7546
1260
8943
3723
9817
2712
3906
2831
8039
7109
730
90
2337
9721
1975
9274
9116
6681
3257
465
8643
959
450
7621
8978
4956
1134
7274
9747
1295
4400
861
3463
7255
4814
2050
8968
1926
4017
8785
5932
1270
7894
8012
9292
9984
8536
3461
2102
1499
417
6109
6752
9490
638
944
1966
7770
1603
255
437
1922
7487
477
6209
9563
273
6031
2372
2586
6091
558
7392
9963
7462
5183
7415
3848
2535
7397
9025
3707
7184
1444
3022
9073
9994
873
9404
6559
8929
5993
3947
6361
8928
3959
4415
6016
15
1466
4662
7292
6058
2398
2331
7179
1188
73
3946
6089
9980
8481
6500
8880
9487
1341
8261
8241
2798
1689
5573
3908
1409
3950
7308
8941
9467
3425
5450
2704
6736
5067
54
3285
2085
6921
6628
7935
2215
7604
1244
5050
4655
8019
9881
3619
2948
2656
5631
2941
2178
3273
3489
4497
5338
5576
2674
325
1465
3829
2650
6736
8989
8298
7883
749
8421
4039
437
2734
3384
215
4022
4787
9193
1842
6022
8316
122
5925
6179
9291
6271
3871
4904
8493
100
462
83
6890
2289
7417
6391
9018
5020
6303
5375
667
5392
2032
7108
8641
9998
1258
2113
5693
4001
9687
516
1618
7718
3668
536
9747
6523
1797
3073
1552
8615
1256
1928
4115
2619
343
248
8710
5544
6210
2104
8040
8337
2012
7034
3744
3217
6068
3235
1104
32
5816
7691
3197
2146
4853
7223
2478
3233
962
9990
1428
4124
5981
8489
425
1984
3286
6535
5996
2662
4363
5535
8667
1437
5155
6575
7154
4970
3663
7460
1763
4316
94
6147
6518
9509
7664
7112
7524
8934
9806
6381
8590
634
7415
6862
580
4919
2526
7370
4850
944
8018
2716
4061
9422
1006
826
703
3039
7810
7214
4751
4432
7985
7684
3301
4535
9502
8963
9564
5012
3440
1711
4537
778
4781
334
5051
2040
2710
2538
7507
6349
1951
1350
7606
4795
9171
3621
1088
7675
8725
2807
5628
1265
7786
8373
6289
7185
6981
6655
687
3394
1506
9716
91
9651
9287
6242
6182
8971
8552
6095
7221
7301
7387
8727
7325
6140
2091
5830
4957
6051
304
9672
3521
9017
7855
3023
9251
1578
398
886
388
9321
2011
100
6028
6509
5822
2578
959
2953
2059
6368
1041
3617
6460
7253
8650
2586
7807
1526
2749
2273
3964
2825
3270
6895
4922
7946
9746
1531
7570
1310
7268
5808
259
4070
2453
304
1256
2454
1003
9001
9143
2119
8734
344
8828
9993
7191
9340
9957
3517
1465
7372
2031
706
1588
2955
8545
2654
823
5018
1687
6096
8407
1951
9922
8804
2190
1381
8910
5798
8117
5444
3012
1914
2164
1154
593
4059
7657
9386
9479
6115
8056
6540
3282
1339
9827
8566
5582
931
2090
9713
6231
9604
1684
158
7504
5748
158
8083
8552
1498
1507
1153
2474
7522
8685
2184
1541
2755
4939
6253
5676
7903
8803
7434
6782
2331
6746
2870
1255
8064
1410
4680
8360
5778
6227
3382
5110
5087
1230
1842
4703
6953
6717
8312
9170
2215
6671
3729
6206
6201
5794
5084
7915
667
1010
4637
6969
7484
1282
8326
9158
5311
4904
1445
4452
3681
4733
2350
2138
2972
6837
4859
5561
5756
5004
9649
7570
5233
2754
8549
2806
2404
9929
495
1166
4925
7468
4125
5804
4644
8706
699
4642
8198
5251
1234
4562
3034
2842
9407
3589
2597
9436
5189
8544
3851
2264
3973
4979
2855
127
797
1540
1725
6150
1486
5996
1006
4761
4339
8928
2315
7235
9071
6963
5454
3388
9430
6266
7605
8065
1903
2832
7584
9738
8888
282
9534
3496
7867
4302
7331
7470
4320
6288
2412
3441
6530
3037
6902
6035
7878
8428
1355
2492
297
2673
78
1274
2810
819
4586
8091
504
529
8598
2248
637
3857
3452
6645
3995
1273
6875
22
9894
5682
7833
2660
1250
2985
7644
4383
9806
3911
507
9206
82
6692
3808
1894
3381
3159
753
2480
6418
5713
2271
2494
2043
1564
9679
4294
2798
1694
6744
8511
5223
2034
939
7604
7975
440
4234
2232
3812
3131
8098
2281
6369
8468
9882
3719
79
2973
769
8198
2467
7481
6739
1491
2714
7682
6333
900
795
2499
5393
227
4940
9640
2572
8411
3416
1762
1942
7491
1583
8591
345
4028
1486
1353
4742
86
464
1933
1652
9624
8181
7760
8874
2351
5347
173
4959
3862
7818
5154
5552
7943
604
6476
8690
8161
9293
4447
2009
4635
7895
6475
1352
1400
1
8763
4634
8747
2865
7088
8304
3004
240
4077
7051
2603
637
6212
6685
9685
8708
2258
5915
5462
3472
2502
374
1806
3406
8823
1643
6390
1061
487
9271
5988
5331
1410
3470
9549
1465
5772
5214
299
330
6794
5616
175
7904
4959
527
2281
9920
938
6683
5910
1727
4126
3824
7240
1332
2515
7859
3740
2479
9707
8445
4025
8667
3911
7740
597
145
1770
7526
4268
7917
1870
415
4643
1700
2022
7852
8505
150
2228
9560
2367
4945
9740
4824
1466
262
7049
8107
1463
6016
735
2804
1918
4513
5408
1594
1018
5247
2546
2735
6152
6848
2561
1568
3213
7970
6689
5149
8781
9711
4455
2218
1706
7934
1417
2581
6122
4092
5714
6873
8124
7997
9387
1394
7948
686
3414
8994
5429
1741
4781
7923
9062
444
3259
9629
3048
2353
5768
1258
9247
3921
8779
6601
127
4127
3211
352
5793
6639
2935
9078
5013
6144
5159
5616
7802
8313
5506
7098
7773
9827
9905
824
751
872
5652
2189
7866
7418
6979
8443
676
4183
1960
7852
3781
4955
8396
2050
6934
8422
3198
9450
2746
2336
3995
7526
7346
6298
7626
4570
251
3863
264
4295
6378
6380
7028
2807
6876
2659
27
3016
5719
5206
3590
8157
8149
474
1154
2241
642
1577
9361
5917
195
3685
9359
8763
1545
6858
3016
8812
551
2371
2952
3544
5744
4688
275
9316
5845
7271
1062
1945
4430
9480
6093
2898
1430
7669
5959
6773
5420
8785
1575
678
1719
8696
5628
6089
2777
1056
3283
8727
8456
3567
5979
8898
6057
669
8345
2748
1565
9067
8221
1781
7041
2804
7493
1732
8385
5987
8193
7688
7181
501
5591
6367
1006
5568
6392
4150
6362
2196
98
4722
934
8129
4871
5807
9164
8666
9790
5639
6318
3865
3321
5269
2889
7058
5879
282
2029
1804
9690
6608
6476
8797
2763
8190
1
9429
7229
9947
1187
2431
3503
406
7050
2595
6070
2069
4322
4639
5995
7564
6174
1640
160
3665
1486
4667
7705
1214
1939
2888
4265
278
8498
5218
4506
1788
8904
2336
161
5600
4621
7224
833
3659
1356
8732
7999
605
8194
2325
1174
8533
997
992
1756
7185
9751
5830
6724
4854
3179
9472
7718
7794
5847
2923
7836
7072
8938
504
3662
5581
368
4279
5024
3865
9427
5237
5530
4991
6549
3235
2376
56
6140
1290
2036
2860
6477
6827
5057
4107
1836
5948
6761
8908
5762
2848
2601
2692
7888
2613
5418
2249
2307
8452
4612
6375
632
7733
5519
5619
8098
3266
2250
7918
3514
7756
5215
2844
7863
7251
4886
9541
5022
6402
90
2956
5659
4777
1481
494
6257
4272
7871
317
4494
1304
8197
8046
5363
3236
1270
3536
3426
552
6275
1103
3288
849
3655
9943
4750
7237
3997
1532
3643
9084
8385
7161
4828
735
2756
4904
1110
2480
1604
5154
7322
8778
2747
1703
9499
1227
2535
9376
3293
3775
2762
5634
3886
2414
1699
1014
921
7465
3005
3656
6856
4705
3238
1100
7194
8825
2002
8008
534
3933
1953
8942
1359
4595
2526
7208
5480
880
8282
1657
330
5998
5625
737
291
6765
8443
6337
6497
1928
5357
3760
7616
5369
3761
9469
6864
6000
1467
8934
8106
7792
702
8985
116
250
167
7625
4004
5533
6695
4020
4577
6990
6071
9906
2976
9605
8359
1312
1774
697
103
5661
4361
2877
7210
2084
2580
1450
9624
2780
6730
4607
1619
6013
674
8855
1132
292
9556
9914
7942
2456
3484
902
3675
2606
8972
6335
6207
8154
4455
8852
6354
1911
4859
5956
8361
3881
4958
449
1615
6145
4797
1861
9384
4800
5825
5762
8182
5743
4882
6750
5872
847
6368
9662
3615
9805
800
2050
7659
2504
4116
322
8822
2102
6831
3031
2903
4915
7559
1581
9881
7132
1724
9495
6197
779
231
5172
7982
1556
982
7393
3547
2655
2728
5743
8362
1207
2004
8774
371
9586
3279
6809
7819
3490
93
3916
1274
364
3047
9508
2463
7046
7950
8847
7938
1734
431
1828
8954
8505
8184
5659
480
9234
6698
4927
8756
787
2687
7155
3983
9744
3565
6100
953
8674
9948
893
363
2218
4261
8368
231
1463
7708
948
6935
6105
1439
1018
3428
4407
6767
2293
3704
9822
7054
6313
5701
5722
1209
8610
6279
8442
4009
984
1432
2383
9957
402
6275
1430
1450
9449
4123
7463
717
6526
7500
6380
9072
1343
3794
3045
9107
6662
5626
475
9981
9538
8469
4692
4188
410
2564
9032
1049
5871
3600
4689
7471
5809
6025
3000
3965
6277
8978
861
6026
7702
394
5702
7625
4714
9742
4173
301
8902
6173
675
6303
324
3629
649
2029
5059
4588
4449
5765
176
3561
6096
6403
2948
6916
7047
4103
5694
8627
674
2634
6291
8359
5105
7731
3587
4863
1813
2005
7774
1723
9485
4251
9398
3347
9745
3399
3686
7785
2750
9414
9395
1323
1380
616
1811
7166
4348
6031
3388
808
2959
1638
6573
5053
5203
197
6498
7277
8726
1362
8964
7867
1088
9465
3568
5392
9636
751
5418
5105
2647
2356
9569
8655
8516
3303
1012
6974
8032
1326
53
3320
5274
9622
1453
1650
4500
6008
4224
703
6408
2077
627
3876
2021
6691
8491
365
2249
336
8007
7646
2436
5126
49
1227
2522
3144
2705
220
809
1740
9699
9563
5611
1425
6298
240
1086
2483
1925
9999
627
573
2304
3776
2244
3615
9294
1696
2713
8352
6134
1254
5532
2901
731
4777
1612
8146
2129
2767
3279
2592
2413
233
9004
5680
3404
7662
3704
2655
2535
1780
7582
5371
3237
5270
5764
2565
9953
115
7660
3095
9710
995
7705
8264
2056
7871
3811
3501
2525
9697
6700
451
6060
7162
6451
4810
9228
4435
681
8660
4000
1030
515
7710
2361
5278
7247
7742
525
3020
762
1118
39
8380
8145
5672
3311
9143
4807
2035
220
2537
9142
5452
4582
9478
3225
9496
2689
297
3770
41
5879
1101
1400
2623
5
5472
3707
6289
6073
2341
587
4461
2586
1369
93
2524
1560
8359
95
985
7846
2032
6567
676
9702
4677
7799
8674
1331
4199
6003
3751
8276
2642
950
3398
1728
5668
49
4456
4973
68
1046
1723
5278
7137
7445
8093
1644
2585
2837
9690
5587
908
7285
3842
9217
319
5682
5071
7930
7077
9372
4149
9072
6363
5845
2650
8946
435
3529
8664
4450
2099
6484
2529
5739
2078
6449
3523
18
7252
1535
5740
7164
38
265
7311
1473
6797
5589
5207
2191
779
7148
236
2226
9649
2572
180
3843
787
6523
7211
6735
1625
2749
4758
217
7335
4008
5669
914
2320
9590
7751
2152
582
8522
8082
8125
2869
502
1091
5209
1905
8797
115
2243
8877
5285
7883
4460
2493
3759
1337
7372
1902
4425
7315
7425
9428
1075
4955
6341
1653
210
2596
2591
1845
1266
6100
8605
4592
6607
8523
7777
3503
597
371
4169
1557
5174
5912
1300
6697
7852
1385
5217
7322
368
2896
3002
2398
2026
287
7154
6411
2570
939
218
3417
7287
7645
1194
6391
9894
1558
3150
5069
6717
3923
1902
8034
2168
5442
1795
2064
6539
7876
2439
9573
2633
2452
9517
9499
3589
9670
1985
3354
1816
1699
2624
3035
498
9172
1947
2752
9556
813
3208
5315
6445
1101
7114
1485
4931
3138
306
9240
7140
434
4517
8711
7550
7959
6464
7668
7612
2987
5546
2074
2898
7589
937
420
4395
7314
232
3765
752
2391
2295
7706
1420
5174
9251
7917
862
4992
5352
7019
399
7162
4708
2088
7413
2418
269
3057
5527
8596
3094
7763
8433
2344
9374
1738
5898
7806
8730
2349
8452
8957
1684
1080
1172
5752
3843
6169
1635
2483
7917
8944
1108
9732
9579
8192
1559
2621
7052
3803
9421
8425
428
141
8077
725
7382
7911
4278
6561
7896
4255
8054
3127
6806
7334
347
2619
5265
683
9352
883
3146
7774
250
2762
1778
2807
9756
847
4323
1720
3735
7347
6660
8368
222
2979
5801
770
8393
1363
9802
8069
1999
2380
2789
6509
410
5734
7366
5962
3158
3722
5878
9951
2859
2737
8961
7318
6043
5937
2060
610
797
2106
1447
7829
4763
8683
704
6899
4985
2939
5992
5206
5927
6916
4458
627
9017
1394
5609
4878
3701
5549
2345
6666
4621
3555
401
5939
5965
4987
4399
719
2519
9621
524
578
2029
133
9554
3793
8687
1121
2395
8218
6982
729
8028
930
640
8839
3234
367
4829
7479
8475
23
3577
9288
377
8488
1035
6116
7938
4281
8700
8685
172
3200
4925
6184
3975
6470
3715
3150
7178
1417
6580
3296
9411
7873
4870
4716
9562
8197
1893
3342
2661
6878
5654
3112
9249
2075
7035
8468
7903
4439
1494
5497
9981
648
9552
6717
823
857
2172
3674
7358
7483
2104
660
4216
2823
9188
4777
1687
9736
7287
3530
7454
535
9134
8378
2386
7718
181
2212
4750
1856
939
3666
4553
705
7985
9867
1115
2098
1284
7516
7726
7464
6907
2651
2210
7438
6195
4951
20
9184
1065
6692
6799
746
4647
3078
9539
959
9267
8540
325
878
9428
4207
103
6754
6567
4795
7258
2857
7857
3069
1922
9704
1381
1821
89
1517
8073
8574
1046
805
324
5268
7103
9247
714
2613
2700
2944
747
6899
8942
2296
4473
7241
7856
6709
5913
4452
6893
1175
9356
9972
5826
8147
1886
7283
1477
9612
4894
853
9031
9999
896
9953
4470
4222
975
4255
9942
416
8119
6066
3536
1654
1474
3064
651
2385
4304
47
1819
2610
2829
1434
6935
9570
6286
6405
5231
2723
4620
7173
8782
6694
7348
9699
9164
303
4190
8219
9879
2951
3613
4768
7812
5408
2646
2147
800
2894
2596
1043
764
3635
8747
839
520
811
5644
346
3294
8298
2025
4789
3955
1955
2986
2788
5610
6874
8702
1058
4442
188
8198
8294
8560
1998
862
1298
2232
2947
2077
6233
2152
1010
1632
1746
2397
2615
834
5754
5611
8537
8078
1134
3215
4140
8152
217
695
4232
3513
2267
8868
137
1577
5723
7807
1848
4114
271
9418
90
8307
7129
3032
6872
6658
9587
1695
7487
3158
8607
6285
3784
5027
2744
6841
9979
855
2317
5467
4655
9973
8751
8943
869
4960
1625
1734
6294
2746
6223
4606
4698
2813
1802
8451
875
1354
1667
6389
9065
961
7598
6348
1904
8544
1866
4585
6262
6143
6598
7903
9641
1787
9286
994
3288
5521
1589
8991
4193
4990
8189
8892
5515
4165
6581
2081
3589
1136
1002
3927
8287
5786
5218
992
7207
6653
7085
584
2615
7799
8204
5674
7132
547
4519
7430
3899
4709
537
6849
2543
8662
7071
1149
5814
1361
6049
5595
3100
1004
9712
6142
7224
6219
513
642
454
5265
2696
1213
7029
1113
2232
612
4290
197
3578
1201
4804
2708
573
5044
5865
9465
2253
792
7233
7674
1351
3752
8410
6614
4555
7105
2475
1274
2483
1577
8854
7110
6564
1696
7559
4571
4802
7014
258
5336
9160
5806
8172
8438
5896
241
2360
8224
3920
6086
9781
5111
1886
9312
7734
3205
2470
2504
1778
2544
2225
845
4365
8338
5032
7802
2327
3702
1361
7799
5091
4613
4137
818
9003
9554
8963
8799
9442
8115
736
301
5226
9954
8079
9196
4040
3906
7799
3036
164
3749
3555
8583
2629
1917
781
8609
7820
2770
7310
1119
3599
2868
1556
823
5130
5218
7717
5702
977
7434
468
23
9241
1681
1378
4482
1207
4197
3990
5476
1033
6721
4080
158
8500
4241
9434
8208
6126
9239
7376
9287
7037
1757
3570
2020
2751
3324
2199
3935
5580
5132
1061
3452
7560
1277
1486
8717
5101
7446
4668
4376
617
956
5201
634
3284
8517
8488
5068
3861
7613
4544
8773
3109
8056
2506
5617
8132
505
9633
2337
2778
4211
2330
5490
5985
3998
4668
6834
801
9373
3633
3136
5212
7453
3805
3700
5804
5840
2847
7135
1545
5595
2822
5748
1503
9196
8101
8903
367
4897
9338
516
6853
1093
1500
8195
1450
5532
2675
3467
9835
8049
1020
165
6714
8717
573
1043
259
2427
2054
6736
1458
698
4473
8841
1123
9427
9195
9709
1386
3371
6123
1169
5764
4555
434
3095
2653
1374
3820
5711
179
2203
9910
2718
9851
1524
9976
7439
8371
9614
3062
5672
2552
5330
8321
5310
1785
3651
7571
6411
1483
4305
8587
2222
9455
2957
1173
564
4961
7454
1902
9287
7330
147
8022
5828
4951
314
1975
1200
8307
1089
7462
125
8307
7243
8679
2106
825
1893
9654
3465
1020
4809
819
8534
1550
851
7629
7060
5501
6738
1746
2377
2158
8081
4949
7837
2407
2103
322
959
1915
5659
4255
1289
7804
1852
883
8645
6492
993
971
3104
420
7964
6234
1886
425
1300
1121
1278
5307
931
4735
4559
3056
1789
5995
403
8209
7106
9792
8883
1331
22
9848
900
2953
1615
6828
2968
1784
8446
2763
3640
8475
1122
969
5456
8136
9097
377
763
9938
4937
510
3409
4864
478
31
2958
1183
1508
6186
2997
1299
3224
9754
2308
8500
2186
6667
5578
6150
9638
8141
6695
6809
7603
487
419
5955
3082
5999
6370
3322
3467
4199
2357
1639
2942
1642
3780
5751
1302
3559
1020
6851
9434
2428
8339
7555
9030
6039
6676
2719
9535
4858
8903
7110
7766
205
6575
4370
7215
8760
3963
2219
1667
257
69
3883
7555
4515
1695
3635
5677
2528
3136
6700
2404
8199
6201
528
2507
9913
7852
2137
8226
8073
2975
9434
2404
403
3421
3085
3344
1311
1022
6221
6183
1397
6601
8550
8886
2514
535
7689
2564
9196
8153
1540
2077
7571
5340
3425
8321
8745
7628
3198
919
4819
471
3901
9350
5776
7380
1021
1205
9242
7268
7752
704
5818
4471
7342
2782
6913
8514
8067
1394
692
7344
2980
2447
2919
1286
7856
2607
6782
9756
2212
7941
7840
2424
3463
9634
8653
1805
776
4581
4481
4036
4837
2118
1049
7593
5645
4053
8086
3322
3287
334
703
8908
149
8160
4028
8415
5492
238
6529
6610
6405
4742
6215
4249
9441
8560
1313
9742
9703
681
1901
7671
2794
3281
7338
9575
826
1553
9353
7030
1935
1825
1175
5205
5853
3449
8089
573
3604
3126
1513
264
520
1888
6433
3603
7681
170
7061
5633
8835
1833
1014
595
848
6856
4259
6487
1164
2027
5907
1183
5426
4275
6769
3828
2118
434
6935
458
2298
3615
1823
2485
4677
2300
7925
9756
7936
7238
8528
1918
8419
9949
3203
8546
2752
8709
4111
259
2461
7339
348
1708
776
2060
7015
8224
7414
1891
4270
6845
4509
3857
3034
9202
2051
4018
6460
1454
7255
1277
1067
4123
7918
2060
2797
2268
624
3438
8516
3586
4196
4473
2683
6773
601
3828
4161
7073
9431
1875
6741
3519
8773
6436
1747
6038
3964
2970
749
4593
5516
839
6590
5778
8782
5856
5995
4119
3882
9916
4587
5021
5065
5533
4792
6163
4813
2498
1478
3216
608
7868
5636
343
3690
975
5585
2777
3719
203
4145
7307
8201
2140
2496
1802
602
8607
3638
4237
3076
215
7691
5579
212
2206
5965
1900
1692
8655
6031
9188
1529
2468
1348
493
6228
299
5965
8899
3836
815
1872
3814
6388
1204
9978
9580
6025
9938
3973
534
1592
6214
2525
3204
2301
2373
5663
4858
2350
2691
3140
8917
7529
628
9981
2153
7884
1504
2559
813
516
1628
9329
6106
8455
7254
1251
7887
3077
2897
2657
2536
7340
226
9272
0
6604
2426
5225
6453
7964
8198
1916
1563
394
2419
6742
5124
4056
422
8830
1854
7477
7979
6556
5021
1145
3787
2323
5195
4533
4580
7218
2013
9370
8836
6373
536
1450
7717
625
1412
8076
5808
9727
4911
3891
3035
4248
6981
209
8853
3731
9519
9352
1395
1003
6409
1266
268
1924
9673
2385
8274
8127
2348
2329
1826
1596
3539
6077
3182
8015
5007
2295
2120
4966
1976
5468
18
2522
8612
9103
5636
2773
3766
9989
2990
1987
7733
3993
7662
8108
3647
2305
8548
2192
4702
5393
1556
2660
1897
8942
3340
5420
3054
294
6935
9817
9935
1789
8801
6229
8682
1867
5580
9725
8717
2453
6226
9007
5930
4568
8444
7187
3608
4718
8930
4703
8010
1642
5284
2149
963
486
8905
1040
7450
8415
9861
1951
7355
1503
7168
7441
1934
7995
9461
9378
8188
1790
7993
3429
2319
1062
1053
3730
1273
958
4228
1745
56
8684
2841
9832
3016
2059
1867
2178
7866
9228
6474
1137
804
9704
791
2869
9192
1513
2327
317
7385
9498
9225
9565
5996
7147
8200
6097
2524
9882
5442
657
9168
9727
1722
4805
1729
5303
7643
1851
2822
1971
1086
1558
5474
5169
7694
3866
3521
7579
5194
6614
3982
7983
1514
8064
1065
9328
5798
3671
1864
8490
388
2341
4219
6347
2000
1651
6004
0
6769
9410
5847
414
3977
2263
9022
4195
8252
1959
9600
5883
6117
8900
2579
2711
1574
