1
1
1
1
4
1
1
1
1
9
1
1
1
1
14
1
1
1
1
19
1
1
1
1
24
1
1
1
1
29
1
1
1
1
34
1
1
1
1
39
1
1
1
1
44
1
1
1
1
49
1
1
1
1
54
1
1
1
1
59
1
1
1
1
64
1
1
1
1
69
1
1
1
1
74
1
1
1
1
79
1
1
1
1
84
1
1
1
1
89
1
1
1
1
94
1
1
1
1
99
1
1
1
1
104
1
1
1
1
109
1
1
1
1
114
1
1
1
1
119
1
1
1
1
124
1
1
1
1
129
1
1
1
1
134
1
1
1
1
139
1
1
1
1
144
1
1
1
1
149
1
1
1
1
154
1
1
1
1
159
1
1
1
1
164
1
1
1
1
169
1
1
1
1
174
1
1
1
1
179
1
1
1
1
184
1
1
1
1
189
1
1
1
1
194
1
1
1
1
199
1
1
1
1
204
1
1
1
1
209
1
1
1
1
214
1
1
1
1
219
1
1
1
1
224
1
1
1
1
229
1
1
1
1
234
1
1
1
1
239
1
1
1
1
244
1
1
1
1
249
1
1
1
1
254
1
1
1
1
259
1
1
1
1
264
1
1
1
1
269
1
1
1
1
274
1
1
1
1
279
1
1
1
1
284
1
1
1
1
289
1
1
1
1
294
1
1
1
1
299
1
1
1
1
304
1
1
1
1
309
1
1
1
1
314
1
1
1
1
319
1
1
1
1
324
1
1
1
1
329
1
1
1
1
334
1
1
1
1
339
1
1
1
1
344
1
1
1
1
349
1
1
1
1
354
1
1
1
1
359
1
1
1
1
364
1
1
1
1
369
1
1
1
1
374
1
1
1
1
379
1
1
1
1
384
1
1
1
1
389
1
1
1
1
394
1
1
1
1
399
1
1
1
1
404
1
1
1
1
409
1
1
1
1
414
1
1
1
1
419
1
1
1
1
424
1
1
1
1
429
1
1
1
1
434
1
1
1
1
439
1
1
1
1
444
1
1
1
1
449
1
1
1
1
454
1
1
1
1
459
1
1
1
1
464
1
1
1
1
469
1
1
1
1
474
1
1
1
1
479
1
1
1
1
484
1
1
1
1
489
1
1
1
1
494
1
1
1
1
499
1
1
1
1
504
1
1
1
1
509
1
1
1
1
514
1
1
1
1
519
1
1
1
1
524
1
1
1
1
529
1
1
1
1
534
1
1
1
1
539
1
1
1
1
544
1
1
1
1
549
1
1
1
1
554
1
1
1
1
559
1
1
1
1
564
1
1
1
1
569
1
1
1
1
574
1
1
1
1
579
1
1
1
1
584
1
1
1
1
589
1
1
1
1
594
1
1
1
1
599
1
1
1
1
604
1
1
1
1
609
1
1
1
1
614
1
1
1
1
619
1
1
1
1
624
1
1
1
1
629
1
1
1
1
634
1
1
1
1
639
1
1
1
1
644
1
1
1
1
649
1
1
1
1
654
1
1
1
1
659
1
1
1
1
664
1
1
1
1
669
1
1
1
1
674
1
1
1
1
679
1
1
1
1
684
1
1
1
1
689
1
1
1
1
694
1
1
1
1
699
1
1
1
1
704
1
1
1
1
709
1
1
1
1
714
1
1
1
1
719
1
1
1
1
724
1
1
1
1
729
1
1
1
1
734
1
1
1
1
739
1
1
1
1
744
1
1
1
1
749
1
1
1
1
754
1
1
1
1
759
1
1
1
1
764
1
1
1
1
769
1
1
1
1
774
1
1
1
1
779
1
1
1
1
784
1
1
1
1
789
1
1
1
1
794
1
1
1
1
799
1
1
1
1
804
1
1
1
1
809
1
1
1
1
814
1
1
1
1
819
1
1
1
1
824
1
1
1
1
829
1
1
1
1
834
1
1
1
1
839
1
1
1
1
844
1
1
1
1
849
1
1
1
1
854
1
1
1
1
859
1
1
1
1
864
1
1
1
1
869
1
1
1
1
874
1
1
1
1
879
1
1
1
1
884
1
1
1
1
889
1
1
1
1
894
1
1
1
1
899
1
1
1
1
904
1
1
1
1
909
1
1
1
1
914
1
1
1
1
919
1
1
1
1
924
1
1
1
1
929
1
1
1
1
934
1
1
1
1
939
1
1
1
1
944
1
1
1
1
949
1
1
1
1
954
1
1
1
1
959
1
1
1
1
964
1
1
1
1
969
1
1
1
1
974
1
1
1
1
979
1
1
1
1
984
1
1
1
1
989
1
1
1
1
994
1
1
1
1
999
