1
1
1
1
4
1
1
1
1
9
1
1
1
1
14
1
1
1
1
19
1
1
1
1
24
1
1
1
1
29
1
1
1
1
34
1
1
1
1
39
1
1
1
1
44
1
1
1
1
49
1
1
1
1
54
1
1
1
1
59
1
1
1
1
64
1
1
1
1
69
1
1
1
1
74
1
1
1
1
79
1
1
1
1
84
1
1
1
1
89
1
1
1
1
94
1
1
1
1
99
1
1
1
1
104
1
1
1
1
109
1
1
1
1
114
1
1
1
1
119
1
1
1
1
124
1
1
1
1
129
1
1
1
1
134
1
1
1
1
139
1
1
1
1
144
1
1
1
1
149
1
1
1
1
154
1
1
1
1
159
1
1
1
1
164
1
1
1
1
169
1
1
1
1
174
1
1
1
1
179
1
1
1
1
184
1
1
1
1
189
1
1
1
1
194
1
1
1
1
199
1
1
1
1
204
1
1
1
1
209
1
1
1
1
214
1
1
1
1
219
1
1
1
1
224
1
1
1
1
229
1
1
1
1
234
1
1
1
1
239
1
1
1
1
244
1
1
1
1
249
1
1
1
1
254
1
1
1
1
259
1
1
1
1
264
1
1
1
1
269
1
1
1
1
274
1
1
1
1
279
1
1
1
1
284
1
1
1
1
289
1
1
1
1
294
1
1
1
1
299
1
1
1
1
304
1
1
1
1
309
1
1
1
1
314
1
1
1
1
319
1
1
1
1
324
1
1
1
1
329
1
1
1
1
334
1
1
1
1
339
1
1
1
1
344
1
1
1
1
349
1
1
1
1
354
1
1
1
1
359
1
1
1
1
364
1
1
1
1
369
1
1
1
1
374
1
1
1
1
379
1
1
1
1
384
1
1
1
1
389
1
1
1
1
394
1
1
1
1
399
1
1
1
1
404
1
1
1
1
409
1
1
1
1
414
1
1
1
1
419
1
1
1
1
424
1
1
1
1
429
1
1
1
1
434
1
1
1
1
439
1
1
1
1
444
1
1
1
1
449
1
1
1
1
454
1
1
1
1
459
1
1
1
1
464
1
1
1
1
469
1
1
1
1
474
1
1
1
1
479
1
1
1
1
484
1
1
1
1
489
1
1
1
1
494
1
1
1
1
499
1
1
1
1
504
1
1
1
1
509
1
1
1
1
514
1
1
1
1
519
1
1
1
1
524
1
1
1
1
529
1
1
1
1
534
1
1
1
1
539
1
1
1
1
544
1
1
1
1
549
1
1
1
1
554
1
1
1
1
559
1
1
1
1
564
1
1
1
1
569
1
1
1
1
574
1
1
1
1
579
1
1
1
1
584
1
1
1
1
589
1
1
1
1
594
1
1
1
1
599
1
1
1
1
604
1
1
1
1
609
1
1
1
1
614
1
1
1
1
619
1
1
1
1
624
1
1
1
1
629
1
1
1
1
634
1
1
1
1
639
1
1
1
1
644
1
1
1
1
649
1
1
1
1
654
1
1
1
1
659
1
1
1
1
664
1
1
1
1
669
1
1
1
1
674
1
1
1
1
679
1
1
1
1
684
1
1
1
1
689
1
1
1
1
694
1
1
1
1
699
1
1
1
1
704
1
1
1
1
709
1
1
1
1
714
1
1
1
1
719
1
1
1
1
724
1
1
1
1
729
1
1
1
1
734
1
1
1
1
739
1
1
1
1
744
1
1
1
1
749
1
1
1
1
754
1
1
1
1
759
1
1
1
1
764
1
1
1
1
769
1
1
1
1
774
1
1
1
1
779
1
1
1
1
784
1
1
1
1
789
1
1
1
1
794
1
1
1
1
799
1
1
1
1
804
1
1
1
1
809
1
1
1
1
814
1
1
1
1
819
1
1
1
1
824
1
1
1
1
829
1
1
1
1
834
1
1
1
1
839
1
1
1
1
844
1
1
1
1
849
1
1
1
1
854
1
1
1
1
859
1
1
1
1
864
1
1
1
1
869
1
1
1
1
874
1
1
1
1
879
1
1
1
1
884
1
1
1
1
889
1
1
1
1
894
1
1
1
1
899
1
1
1
1
904
1
1
1
1
909
1
1
1
1
914
1
1
1
1
919
1
1
1
1
924
1
1
1
1
929
1
1
1
1
934
1
1
1
1
939
1
1
1
1
944
1
1
1
1
949
1
1
1
1
954
1
1
1
1
959
1
1
1
1
964
1
1
1
1
969
1
1
1
1
974
1
1
1
1
979
1
1
1
1
984
1
1
1
1
989
1
1
1
1
994
1
1
1
1
999
1
1
1
1
1004
1
1
1
1
1009
1
1
1
1
1014
1
1
1
1
1019
1
1
1
1
1024
1
1
1
1
1029
1
1
1
1
1034
1
1
1
1
1039
1
1
1
1
1044
1
1
1
1
1049
1
1
1
1
1054
1
1
1
1
1059
1
1
1
1
1064
1
1
1
1
1069
1
1
1
1
1074
1
1
1
1
1079
1
1
1
1
1084
1
1
1
1
1089
1
1
1
1
1094
1
1
1
1
1099
1
1
1
1
1104
1
1
1
1
1109
1
1
1
1
1114
1
1
1
1
1119
1
1
1
1
1124
1
1
1
1
1129
1
1
1
1
1134
1
1
1
1
1139
1
1
1
1
1144
1
1
1
1
1149
1
1
1
1
1154
1
1
1
1
1159
1
1
1
1
1164
1
1
1
1
1169
1
1
1
1
1174
1
1
1
1
1179
1
1
1
1
1184
1
1
1
1
1189
1
1
1
1
1194
1
1
1
1
1199
1
1
1
1
1204
1
1
1
1
1209
1
1
1
1
1214
1
1
1
1
1219
1
1
1
1
1224
1
1
1
1
1229
1
1
1
1
1234
1
1
1
1
1239
1
1
1
1
1244
1
1
1
1
1249
1
1
1
1
1254
1
1
1
1
1259
1
1
1
1
1264
1
1
1
1
1269
1
1
1
1
1274
1
1
1
1
1279
1
1
1
1
1284
1
1
1
1
1289
1
1
1
1
1294
1
1
1
1
1299
1
1
1
1
1304
1
1
1
1
1309
1
1
1
1
1314
1
1
1
1
1319
1
1
1
1
1324
1
1
1
1
1329
1
1
1
1
1334
1
1
1
1
1339
1
1
1
1
1344
1
1
1
1
1349
1
1
1
1
1354
1
1
1
1
1359
1
1
1
1
1364
1
1
1
1
1369
1
1
1
1
1374
1
1
1
1
1379
1
1
1
1
1384
1
1
1
1
1389
1
1
1
1
1394
1
1
1
1
1399
1
1
1
1
1404
1
1
1
1
1409
1
1
1
1
1414
1
1
1
1
1419
1
1
1
1
1424
1
1
1
1
1429
1
1
1
1
1434
1
1
1
1
1439
1
1
1
1
1444
1
1
1
1
1449
1
1
1
1
1454
1
1
1
1
1459
1
1
1
1
1464
1
1
1
1
1469
1
1
1
1
1474
1
1
1
1
1479
1
1
1
1
1484
1
1
1
1
1489
1
1
1
1
1494
1
1
1
1
1499
1
1
1
1
1504
1
1
1
1
1509
1
1
1
1
1514
1
1
1
1
1519
1
1
1
1
1524
1
1
1
1
1529
1
1
1
1
1534
1
1
1
1
1539
1
1
1
1
1544
1
1
1
1
1549
1
1
1
1
1554
1
1
1
1
1559
1
1
1
1
1564
1
1
1
1
1569
1
1
1
1
1574
1
1
1
1
1579
1
1
1
1
1584
1
1
1
1
1589
1
1
1
1
1594
1
1
1
1
1599
1
1
1
1
1604
1
1
1
1
1609
1
1
1
1
1614
1
1
1
1
1619
1
1
1
1
1624
1
1
1
1
1629
1
1
1
1
1634
1
1
1
1
1639
1
1
1
1
1644
1
1
1
1
1649
1
1
1
1
1654
1
1
1
1
1659
1
1
1
1
1664
1
1
1
1
1669
1
1
1
1
1674
1
1
1
1
1679
1
1
1
1
1684
1
1
1
1
1689
1
1
1
1
1694
1
1
1
1
1699
1
1
1
1
1704
1
1
1
1
1709
1
1
1
1
1714
1
1
1
1
1719
1
1
1
1
1724
1
1
1
1
1729
1
1
1
1
1734
1
1
1
1
1739
1
1
1
1
1744
1
1
1
1
1749
1
1
1
1
1754
1
1
1
1
1759
1
1
1
1
1764
1
1
1
1
1769
1
1
1
1
1774
1
1
1
1
1779
1
1
1
1
1784
1
1
1
1
1789
1
1
1
1
1794
1
1
1
1
1799
1
1
1
1
1804
1
1
1
1
1809
1
1
1
1
1814
1
1
1
1
1819
1
1
1
1
1824
1
1
1
1
1829
1
1
1
1
1834
1
1
1
1
1839
1
1
1
1
1844
1
1
1
1
1849
1
1
1
1
1854
1
1
1
1
1859
1
1
1
1
1864
1
1
1
1
1869
1
1
1
1
1874
1
1
1
1
1879
1
1
1
1
1884
1
1
1
1
1889
1
1
1
1
1894
1
1
1
1
1899
1
1
1
1
1904
1
1
1
1
1909
1
1
1
1
1914
1
1
1
1
1919
1
1
1
1
1924
1
1
1
1
1929
1
1
1
1
1934
1
1
1
1
1939
1
1
1
1
1944
1
1
1
1
1949
1
1
1
1
1954
1
1
1
1
1959
1
1
1
1
1964
1
1
1
1
1969
1
1
1
1
1974
1
1
1
1
1979
1
1
1
1
1984
1
1
1
1
1989
1
1
1
1
1994
1
1
1
1
1999
1
1
1
1
2004
1
1
1
1
2009
1
1
1
1
2014
1
1
1
1
2019
1
1
1
1
2024
1
1
1
1
2029
1
1
1
1
2034
1
1
1
1
2039
1
1
1
1
2044
1
1
1
1
2049
1
1
1
1
2054
1
1
1
1
2059
1
1
1
1
2064
1
1
1
1
2069
1
1
1
1
2074
1
1
1
1
2079
1
1
1
1
2084
1
1
1
1
2089
1
1
1
1
2094
1
1
1
1
2099
1
1
1
1
2104
1
1
1
1
2109
1
1
1
1
2114
1
1
1
1
2119
1
1
1
1
2124
1
1
1
1
2129
1
1
1
1
2134
1
1
1
1
2139
1
1
1
1
2144
1
1
1
1
2149
1
1
1
1
2154
1
1
1
1
2159
1
1
1
1
2164
1
1
1
1
2169
1
1
1
1
2174
1
1
1
1
2179
1
1
1
1
2184
1
1
1
1
2189
1
1
1
1
2194
1
1
1
1
2199
1
1
1
1
2204
1
1
1
1
2209
1
1
1
1
2214
1
1
1
1
2219
1
1
1
1
2224
1
1
1
1
2229
1
1
1
1
2234
1
1
1
1
2239
1
1
1
1
2244
1
1
1
1
2249
1
1
1
1
2254
1
1
1
1
2259
1
1
1
1
2264
1
1
1
1
2269
1
1
1
1
2274
1
1
1
1
2279
1
1
1
1
2284
1
1
1
1
2289
1
1
1
1
2294
1
1
1
1
2299
1
1
1
1
2304
1
1
1
1
2309
1
1
1
1
2314
1
1
1
1
2319
1
1
1
1
2324
1
1
1
1
2329
1
1
1
1
2334
1
1
1
1
2339
1
1
1
1
2344
1
1
1
1
2349
1
1
1
1
2354
1
1
1
1
2359
1
1
1
1
2364
1
1
1
1
2369
1
1
1
1
2374
1
1
1
1
2379
1
1
1
1
2384
1
1
1
1
2389
1
1
1
1
2394
1
1
1
1
2399
1
1
1
1
2404
1
1
1
1
2409
1
1
1
1
2414
1
1
1
1
2419
1
1
1
1
2424
1
1
1
1
2429
1
1
1
1
2434
1
1
1
1
2439
1
1
1
1
2444
1
1
1
1
2449
1
1
1
1
2454
1
1
1
1
2459
1
1
1
1
2464
1
1
1
1
2469
1
1
1
1
2474
1
1
1
1
2479
1
1
1
1
2484
1
1
1
1
2489
1
1
1
1
2494
1
1
1
1
2499
1
1
1
1
2504
1
1
1
1
2509
1
1
1
1
2514
1
1
1
1
2519
1
1
1
1
2524
1
1
1
1
2529
1
1
1
1
2534
1
1
1
1
2539
1
1
1
1
2544
1
1
1
1
2549
1
1
1
1
2554
1
1
1
1
2559
1
1
1
1
2564
1
1
1
1
2569
1
1
1
1
2574
1
1
1
1
2579
1
1
1
1
2584
1
1
1
1
2589
1
1
1
1
2594
1
1
1
1
2599
1
1
1
1
2604
1
1
1
1
2609
1
1
1
1
2614
1
1
1
1
2619
1
1
1
1
2624
1
1
1
1
2629
1
1
1
1
2634
1
1
1
1
2639
1
1
1
1
2644
1
1
1
1
2649
1
1
1
1
2654
1
1
1
1
2659
1
1
1
1
2664
1
1
1
1
2669
1
1
1
1
2674
1
1
1
1
2679
1
1
1
1
2684
1
1
1
1
2689
1
1
1
1
2694
1
1
1
1
2699
1
1
1
1
2704
1
1
1
1
2709
1
1
1
1
2714
1
1
1
1
2719
1
1
1
1
2724
1
1
1
1
2729
1
1
1
1
2734
1
1
1
1
2739
1
1
1
1
2744
1
1
1
1
2749
1
1
1
1
2754
1
1
1
1
2759
1
1
1
1
2764
1
1
1
1
2769
1
1
1
1
2774
1
1
1
1
2779
1
1
1
1
2784
1
1
1
1
2789
1
1
1
1
2794
1
1
1
1
2799
1
1
1
1
2804
1
1
1
1
2809
1
1
1
1
2814
1
1
1
1
2819
1
1
1
1
2824
1
1
1
1
2829
1
1
1
1
2834
1
1
1
1
2839
1
1
1
1
2844
1
1
1
1
2849
1
1
1
1
2854
1
1
1
1
2859
1
1
1
1
2864
1
1
1
1
2869
1
1
1
1
2874
1
1
1
1
2879
1
1
1
1
2884
1
1
1
1
2889
1
1
1
1
2894
1
1
1
1
2899
1
1
1
1
2904
1
1
1
1
2909
1
1
1
1
2914
1
1
1
1
2919
1
1
1
1
2924
1
1
1
1
2929
1
1
1
1
2934
1
1
1
1
2939
1
1
1
1
2944
1
1
1
1
2949
1
1
1
1
2954
1
1
1
1
2959
1
1
1
1
2964
1
1
1
1
2969
1
1
1
1
2974
1
1
1
1
2979
1
1
1
1
2984
1
1
1
1
2989
1
1
1
1
2994
1
1
1
1
2999
1
1
1
1
3004
1
1
1
1
3009
1
1
1
1
3014
1
1
1
1
3019
1
1
1
1
3024
1
1
1
1
3029
1
1
1
1
3034
1
1
1
1
3039
1
1
1
1
3044
1
1
1
1
3049
1
1
1
1
3054
1
1
1
1
3059
1
1
1
1
3064
1
1
1
1
3069
1
1
1
1
3074
1
1
1
1
3079
1
1
1
1
3084
1
1
1
1
3089
1
1
1
1
3094
1
1
1
1
3099
1
1
1
1
3104
1
1
1
1
3109
1
1
1
1
3114
1
1
1
1
3119
1
1
1
1
3124
1
1
1
1
3129
1
1
1
1
3134
1
1
1
1
3139
1
1
1
1
3144
1
1
1
1
3149
1
1
1
1
3154
1
1
1
1
3159
1
1
1
1
3164
1
1
1
1
3169
1
1
1
1
3174
1
1
1
1
3179
1
1
1
1
3184
1
1
1
1
3189
1
1
1
1
3194
1
1
1
1
3199
1
1
1
1
3204
1
1
1
1
3209
1
1
1
1
3214
1
1
1
1
3219
1
1
1
1
3224
1
1
1
1
3229
1
1
1
1
3234
1
1
1
1
3239
1
1
1
1
3244
1
1
1
1
3249
1
1
1
1
3254
1
1
1
1
3259
1
1
1
1
3264
1
1
1
1
3269
1
1
1
1
3274
1
1
1
1
3279
1
1
1
1
3284
1
1
1
1
3289
1
1
1
1
3294
1
1
1
1
3299
1
1
1
1
3304
1
1
1
1
3309
1
1
1
1
3314
1
1
1
1
3319
1
1
1
1
3324
1
1
1
1
3329
1
1
1
1
3334
1
1
1
1
3339
1
1
1
1
3344
1
1
1
1
3349
1
1
1
1
3354
1
1
1
1
3359
1
1
1
1
3364
1
1
1
1
3369
1
1
1
1
3374
1
1
1
1
3379
1
1
1
1
3384
1
1
1
1
3389
1
1
1
1
3394
1
1
1
1
3399
1
1
1
1
3404
1
1
1
1
3409
1
1
1
1
3414
1
1
1
1
3419
1
1
1
1
3424
1
1
1
1
3429
1
1
1
1
3434
1
1
1
1
3439
1
1
1
1
3444
1
1
1
1
3449
1
1
1
1
3454
1
1
1
1
3459
1
1
1
1
3464
1
1
1
1
3469
1
1
1
1
3474
1
1
1
1
3479
1
1
1
1
3484
1
1
1
1
3489
1
1
1
1
3494
1
1
1
1
3499
1
1
1
1
3504
1
1
1
1
3509
1
1
1
1
3514
1
1
1
1
3519
1
1
1
1
3524
1
1
1
1
3529
1
1
1
1
3534
1
1
1
1
3539
1
1
1
1
3544
1
1
1
1
3549
1
1
1
1
3554
1
1
1
1
3559
1
1
1
1
3564
1
1
1
1
3569
1
1
1
1
3574
1
1
1
1
3579
1
1
1
1
3584
1
1
1
1
3589
1
1
1
1
3594
1
1
1
1
3599
1
1
1
1
3604
1
1
1
1
3609
1
1
1
1
3614
1
1
1
1
3619
1
1
1
1
3624
1
1
1
1
3629
1
1
1
1
3634
1
1
1
1
3639
1
1
1
1
3644
1
1
1
1
3649
1
1
1
1
3654
1
1
1
1
3659
1
1
1
1
3664
1
1
1
1
3669
1
1
1
1
3674
1
1
1
1
3679
1
1
1
1
3684
1
1
1
1
3689
1
1
1
1
3694
1
1
1
1
3699
1
1
1
1
3704
1
1
1
1
3709
1
1
1
1
3714
1
1
1
1
3719
1
1
1
1
3724
1
1
1
1
3729
1
1
1
1
3734
1
1
1
1
3739
1
1
1
1
3744
1
1
1
1
3749
1
1
1
1
3754
1
1
1
1
3759
1
1
1
1
3764
1
1
1
1
3769
1
1
1
1
3774
1
1
1
1
3779
1
1
1
1
3784
1
1
1
1
3789
1
1
1
1
3794
1
1
1
1
3799
1
1
1
1
3804
1
1
1
1
3809
1
1
1
1
3814
1
1
1
1
3819
1
1
1
1
3824
1
1
1
1
3829
1
1
1
1
3834
1
1
1
1
3839
1
1
1
1
3844
1
1
1
1
3849
1
1
1
1
3854
1
1
1
1
3859
1
1
1
1
3864
1
1
1
1
3869
1
1
1
1
3874
1
1
1
1
3879
1
1
1
1
3884
1
1
1
1
3889
1
1
1
1
3894
1
1
1
1
3899
1
1
1
1
3904
1
1
1
1
3909
1
1
1
1
3914
1
1
1
1
3919
1
1
1
1
3924
1
1
1
1
3929
1
1
1
1
3934
1
1
1
1
3939
1
1
1
1
3944
1
1
1
1
3949
1
1
1
1
3954
1
1
1
1
3959
1
1
1
1
3964
1
1
1
1
3969
1
1
1
1
3974
1
1
1
1
3979
1
1
1
1
3984
1
1
1
1
3989
1
1
1
1
3994
1
1
1
1
3999
1
1
1
1
4004
1
1
1
1
4009
1
1
1
1
4014
1
1
1
1
4019
1
1
1
1
4024
1
1
1
1
4029
1
1
1
1
4034
1
1
1
1
4039
1
1
1
1
4044
1
1
1
1
4049
1
1
1
1
4054
1
1
1
1
4059
1
1
1
1
4064
1
1
1
1
4069
1
1
1
1
4074
1
1
1
1
4079
1
1
1
1
4084
1
1
1
1
4089
1
1
1
1
4094
1
1
1
1
4099
1
1
1
1
4104
1
1
1
1
4109
1
1
1
1
4114
1
1
1
1
4119
1
1
1
1
4124
1
1
1
1
4129
1
1
1
1
4134
1
1
1
1
4139
1
1
1
1
4144
1
1
1
1
4149
1
1
1
1
4154
1
1
1
1
4159
1
1
1
1
4164
1
1
1
1
4169
1
1
1
1
4174
1
1
1
1
4179
1
1
1
1
4184
1
1
1
1
4189
1
1
1
1
4194
1
1
1
1
4199
1
1
1
1
4204
1
1
1
1
4209
1
1
1
1
4214
1
1
1
1
4219
1
1
1
1
4224
1
1
1
1
4229
1
1
1
1
4234
1
1
1
1
4239
1
1
1
1
4244
1
1
1
1
4249
1
1
1
1
4254
1
1
1
1
4259
1
1
1
1
4264
1
1
1
1
4269
1
1
1
1
4274
1
1
1
1
4279
1
1
1
1
4284
1
1
1
1
4289
1
1
1
1
4294
1
1
1
1
4299
1
1
1
1
4304
1
1
1
1
4309
1
1
1
1
4314
1
1
1
1
4319
1
1
1
1
4324
1
1
1
1
4329
1
1
1
1
4334
1
1
1
1
4339
1
1
1
1
4344
1
1
1
1
4349
1
1
1
1
4354
1
1
1
1
4359
1
1
1
1
4364
1
1
1
1
4369
1
1
1
1
4374
1
1
1
1
4379
1
1
1
1
4384
1
1
1
1
4389
1
1
1
1
4394
1
1
1
1
4399
1
1
1
1
4404
1
1
1
1
4409
1
1
1
1
4414
1
1
1
1
4419
1
1
1
1
4424
1
1
1
1
4429
1
1
1
1
4434
1
1
1
1
4439
1
1
1
1
4444
1
1
1
1
4449
1
1
1
1
4454
1
1
1
1
4459
1
1
1
1
4464
1
1
1
1
4469
1
1
1
1
4474
1
1
1
1
4479
1
1
1
1
4484
1
1
1
1
4489
1
1
1
1
4494
1
1
1
1
4499
1
1
1
1
4504
1
1
1
1
4509
1
1
1
1
4514
1
1
1
1
4519
1
1
1
1
4524
1
1
1
1
4529
1
1
1
1
4534
1
1
1
1
4539
1
1
1
1
4544
1
1
1
1
4549
1
1
1
1
4554
1
1
1
1
4559
1
1
1
1
4564
1
1
1
1
4569
1
1
1
1
4574
1
1
1
1
4579
1
1
1
1
4584
1
1
1
1
4589
1
1
1
1
4594
1
1
1
1
4599
1
1
1
1
4604
1
1
1
1
4609
1
1
1
1
4614
1
1
1
1
4619
1
1
1
1
4624
1
1
1
1
4629
1
1
1
1
4634
1
1
1
1
4639
1
1
1
1
4644
1
1
1
1
4649
1
1
1
1
4654
1
1
1
1
4659
1
1
1
1
4664
1
1
1
1
4669
1
1
1
1
4674
1
1
1
1
4679
1
1
1
1
4684
1
1
1
1
4689
1
1
1
1
4694
1
1
1
1
4699
1
1
1
1
4704
1
1
1
1
4709
1
1
1
1
4714
1
1
1
1
4719
1
1
1
1
4724
1
1
1
1
4729
1
1
1
1
4734
1
1
1
1
4739
1
1
1
1
4744
1
1
1
1
4749
1
1
1
1
4754
1
1
1
1
4759
1
1
1
1
4764
1
1
1
1
4769
1
1
1
1
4774
1
1
1
1
4779
1
1
1
1
4784
1
1
1
1
4789
1
1
1
1
4794
1
1
1
1
4799
1
1
1
1
4804
1
1
1
1
4809
1
1
1
1
4814
1
1
1
1
4819
1
1
1
1
4824
1
1
1
1
4829
1
1
1
1
4834
1
1
1
1
4839
1
1
1
1
4844
1
1
1
1
4849
1
1
1
1
4854
1
1
1
1
4859
1
1
1
1
4864
1
1
1
1
4869
1
1
1
1
4874
1
1
1
1
4879
1
1
1
1
4884
1
1
1
1
4889
1
1
1
1
4894
1
1
1
1
4899
1
1
1
1
4904
1
1
1
1
4909
1
1
1
1
4914
1
1
1
1
4919
1
1
1
1
4924
1
1
1
1
4929
1
1
1
1
4934
1
1
1
1
4939
1
1
1
1
4944
1
1
1
1
4949
1
1
1
1
4954
1
1
1
1
4959
1
1
1
1
4964
1
1
1
1
4969
1
1
1
1
4974
1
1
1
1
4979
1
1
1
1
4984
1
1
1
1
4989
1
1
1
1
4994
1
1
1
1
4999
1
1
1
1
5004
1
1
1
1
5009
1
1
1
1
5014
1
1
1
1
5019
1
1
1
1
5024
1
1
1
1
5029
1
1
1
1
5034
1
1
1
1
5039
1
1
1
1
5044
1
1
1
1
5049
1
1
1
1
5054
1
1
1
1
5059
1
1
1
1
5064
1
1
1
1
5069
1
1
1
1
5074
1
1
1
1
5079
1
1
1
1
5084
1
1
1
1
5089
1
1
1
1
5094
1
1
1
1
5099
1
1
1
1
5104
1
1
1
1
5109
1
1
1
1
5114
1
1
1
1
5119
1
1
1
1
5124
1
1
1
1
5129
1
1
1
1
5134
1
1
1
1
5139
1
1
1
1
5144
1
1
1
1
5149
1
1
1
1
5154
1
1
1
1
5159
1
1
1
1
5164
1
1
1
1
5169
1
1
1
1
5174
1
1
1
1
5179
1
1
1
1
5184
1
1
1
1
5189
1
1
1
1
5194
1
1
1
1
5199
1
1
1
1
5204
1
1
1
1
5209
1
1
1
1
5214
1
1
1
1
5219
1
1
1
1
5224
1
1
1
1
5229
1
1
1
1
5234
1
1
1
1
5239
1
1
1
1
5244
1
1
1
1
5249
1
1
1
1
5254
1
1
1
1
5259
1
1
1
1
5264
1
1
1
1
5269
1
1
1
1
5274
1
1
1
1
5279
1
1
1
1
5284
1
1
1
1
5289
1
1
1
1
5294
1
1
1
1
5299
1
1
1
1
5304
1
1
1
1
5309
1
1
1
1
5314
1
1
1
1
5319
1
1
1
1
5324
1
1
1
1
5329
1
1
1
1
5334
1
1
1
1
5339
1
1
1
1
5344
1
1
1
1
5349
1
1
1
1
5354
1
1
1
1
5359
1
1
1
1
5364
1
1
1
1
5369
1
1
1
1
5374
1
1
1
1
5379
1
1
1
1
5384
1
1
1
1
5389
1
1
1
1
5394
1
1
1
1
5399
1
1
1
1
5404
1
1
1
1
5409
1
1
1
1
5414
1
1
1
1
5419
1
1
1
1
5424
1
1
1
1
5429
1
1
1
1
5434
1
1
1
1
5439
1
1
1
1
5444
1
1
1
1
5449
1
1
1
1
5454
1
1
1
1
5459
1
1
1
1
5464
1
1
1
1
5469
1
1
1
1
5474
1
1
1
1
5479
1
1
1
1
5484
1
1
1
1
5489
1
1
1
1
5494
1
1
1
1
5499
1
1
1
1
5504
1
1
1
1
5509
1
1
1
1
5514
1
1
1
1
5519
1
1
1
1
5524
1
1
1
1
5529
1
1
1
1
5534
1
1
1
1
5539
1
1
1
1
5544
1
1
1
1
5549
1
1
1
1
5554
1
1
1
1
5559
1
1
1
1
5564
1
1
1
1
5569
1
1
1
1
5574
1
1
1
1
5579
1
1
1
1
5584
1
1
1
1
5589
1
1
1
1
5594
1
1
1
1
5599
1
1
1
1
5604
1
1
1
1
5609
1
1
1
1
5614
1
1
1
1
5619
1
1
1
1
5624
1
1
1
1
5629
1
1
1
1
5634
1
1
1
1
5639
1
1
1
1
5644
1
1
1
1
5649
1
1
1
1
5654
1
1
1
1
5659
1
1
1
1
5664
1
1
1
1
5669
1
1
1
1
5674
1
1
1
1
5679
1
1
1
1
5684
1
1
1
1
5689
1
1
1
1
5694
1
1
1
1
5699
1
1
1
1
5704
1
1
1
1
5709
1
1
1
1
5714
1
1
1
1
5719
1
1
1
1
5724
1
1
1
1
5729
1
1
1
1
5734
1
1
1
1
5739
1
1
1
1
5744
1
1
1
1
5749
1
1
1
1
5754
1
1
1
1
5759
1
1
1
1
5764
1
1
1
1
5769
1
1
1
1
5774
1
1
1
1
5779
1
1
1
1
5784
1
1
1
1
5789
1
1
1
1
5794
1
1
1
1
5799
1
1
1
1
5804
1
1
1
1
5809
1
1
1
1
5814
1
1
1
1
5819
1
1
1
1
5824
1
1
1
1
5829
1
1
1
1
5834
1
1
1
1
5839
1
1
1
1
5844
1
1
1
1
5849
1
1
1
1
5854
1
1
1
1
5859
1
1
1
1
5864
1
1
1
1
5869
1
1
1
1
5874
1
1
1
1
5879
1
1
1
1
5884
1
1
1
1
5889
1
1
1
1
5894
1
1
1
1
5899
1
1
1
1
5904
1
1
1
1
5909
1
1
1
1
5914
1
1
1
1
5919
1
1
1
1
5924
1
1
1
1
5929
1
1
1
1
5934
1
1
1
1
5939
1
1
1
1
5944
1
1
1
1
5949
1
1
1
1
5954
1
1
1
1
5959
1
1
1
1
5964
1
1
1
1
5969
1
1
1
1
5974
1
1
1
1
5979
1
1
1
1
5984
1
1
1
1
5989
1
1
1
1
5994
1
1
1
1
5999
1
1
1
1
6004
1
1
1
1
6009
1
1
1
1
6014
1
1
1
1
6019
1
1
1
1
6024
1
1
1
1
6029
1
1
1
1
6034
1
1
1
1
6039
1
1
1
1
6044
1
1
1
1
6049
1
1
1
1
6054
1
1
1
1
6059
1
1
1
1
6064
1
1
1
1
6069
1
1
1
1
6074
1
1
1
1
6079
1
1
1
1
6084
1
1
1
1
6089
1
1
1
1
6094
1
1
1
1
6099
1
1
1
1
6104
1
1
1
1
6109
1
1
1
1
6114
1
1
1
1
6119
1
1
1
1
6124
1
1
1
1
6129
1
1
1
1
6134
1
1
1
1
6139
1
1
1
1
6144
1
1
1
1
6149
1
1
1
1
6154
1
1
1
1
6159
1
1
1
1
6164
1
1
1
1
6169
1
1
1
1
6174
1
1
1
1
6179
1
1
1
1
6184
1
1
1
1
6189
1
1
1
1
6194
1
1
1
1
6199
1
1
1
1
6204
1
1
1
1
6209
1
1
1
1
6214
1
1
1
1
6219
1
1
1
1
6224
1
1
1
1
6229
1
1
1
1
6234
1
1
1
1
6239
1
1
1
1
6244
1
1
1
1
6249
1
1
1
1
6254
1
1
1
1
6259
1
1
1
1
6264
1
1
1
1
6269
1
1
1
1
6274
1
1
1
1
6279
1
1
1
1
6284
1
1
1
1
6289
1
1
1
1
6294
1
1
1
1
6299
1
1
1
1
6304
1
1
1
1
6309
1
1
1
1
6314
1
1
1
1
6319
1
1
1
1
6324
1
1
1
1
6329
1
1
1
1
6334
1
1
1
1
6339
1
1
1
1
6344
1
1
1
1
6349
1
1
1
1
6354
1
1
1
1
6359
1
1
1
1
6364
1
1
1
1
6369
1
1
1
1
6374
1
1
1
1
6379
1
1
1
1
6384
1
1
1
1
6389
1
1
1
1
6394
1
1
1
1
6399
1
1
1
1
6404
1
1
1
1
6409
1
1
1
1
6414
1
1
1
1
6419
1
1
1
1
6424
1
1
1
1
6429
1
1
1
1
6434
1
1
1
1
6439
1
1
1
1
6444
1
1
1
1
6449
1
1
1
1
6454
1
1
1
1
6459
1
1
1
1
6464
1
1
1
1
6469
1
1
1
1
6474
1
1
1
1
6479
1
1
1
1
6484
1
1
1
1
6489
1
1
1
1
6494
1
1
1
1
6499
1
1
1
1
6504
1
1
1
1
6509
1
1
1
1
6514
1
1
1
1
6519
1
1
1
1
6524
1
1
1
1
6529
1
1
1
1
6534
1
1
1
1
6539
1
1
1
1
6544
1
1
1
1
6549
1
1
1
1
6554
1
1
1
1
6559
1
1
1
1
6564
1
1
1
1
6569
1
1
1
1
6574
1
1
1
1
6579
1
1
1
1
6584
1
1
1
1
6589
1
1
1
1
6594
1
1
1
1
6599
1
1
1
1
6604
1
1
1
1
6609
1
1
1
1
6614
1
1
1
1
6619
1
1
1
1
6624
1
1
1
1
6629
1
1
1
1
6634
1
1
1
1
6639
1
1
1
1
6644
1
1
1
1
6649
1
1
1
1
6654
1
1
1
1
6659
1
1
1
1
6664
1
1
1
1
6669
1
1
1
1
6674
1
1
1
1
6679
1
1
1
1
6684
1
1
1
1
6689
1
1
1
1
6694
1
1
1
1
6699
1
1
1
1
6704
1
1
1
1
6709
1
1
1
1
6714
1
1
1
1
6719
1
1
1
1
6724
1
1
1
1
6729
1
1
1
1
6734
1
1
1
1
6739
1
1
1
1
6744
1
1
1
1
6749
1
1
1
1
6754
1
1
1
1
6759
1
1
1
1
6764
1
1
1
1
6769
1
1
1
1
6774
1
1
1
1
6779
1
1
1
1
6784
1
1
1
1
6789
1
1
1
1
6794
1
1
1
1
6799
1
1
1
1
6804
1
1
1
1
6809
1
1
1
1
6814
1
1
1
1
6819
1
1
1
1
6824
1
1
1
1
6829
1
1
1
1
6834
1
1
1
1
6839
1
1
1
1
6844
1
1
1
1
6849
1
1
1
1
6854
1
1
1
1
6859
1
1
1
1
6864
1
1
1
1
6869
1
1
1
1
6874
1
1
1
1
6879
1
1
1
1
6884
1
1
1
1
6889
1
1
1
1
6894
1
1
1
1
6899
1
1
1
1
6904
1
1
1
1
6909
1
1
1
1
6914
1
1
1
1
6919
1
1
1
1
6924
1
1
1
1
6929
1
1
1
1
6934
1
1
1
1
6939
1
1
1
1
6944
1
1
1
1
6949
1
1
1
1
6954
1
1
1
1
6959
1
1
1
1
6964
1
1
1
1
6969
1
1
1
1
6974
1
1
1
1
6979
1
1
1
1
6984
1
1
1
1
6989
1
1
1
1
6994
1
1
1
1
6999
1
1
1
1
7004
1
1
1
1
7009
1
1
1
1
7014
1
1
1
1
7019
1
1
1
1
7024
1
1
1
1
7029
1
1
1
1
7034
1
1
1
1
7039
1
1
1
1
7044
1
1
1
1
7049
1
1
1
1
7054
1
1
1
1
7059
1
1
1
1
7064
1
1
1
1
7069
1
1
1
1
7074
1
1
1
1
7079
1
1
1
1
7084
1
1
1
1
7089
1
1
1
1
7094
1
1
1
1
7099
1
1
1
1
7104
1
1
1
1
7109
1
1
1
1
7114
1
1
1
1
7119
1
1
1
1
7124
1
1
1
1
7129
1
1
1
1
7134
1
1
1
1
7139
1
1
1
1
7144
1
1
1
1
7149
1
1
1
1
7154
1
1
1
1
7159
1
1
1
1
7164
1
1
1
1
7169
1
1
1
1
7174
1
1
1
1
7179
1
1
1
1
7184
1
1
1
1
7189
1
1
1
1
7194
1
1
1
1
7199
1
1
1
1
7204
1
1
1
1
7209
1
1
1
1
7214
1
1
1
1
7219
1
1
1
1
7224
1
1
1
1
7229
1
1
1
1
7234
1
1
1
1
7239
1
1
1
1
7244
1
1
1
1
7249
1
1
1
1
7254
1
1
1
1
7259
1
1
1
1
7264
1
1
1
1
7269
1
1
1
1
7274
1
1
1
1
7279
1
1
1
1
7284
1
1
1
1
7289
1
1
1
1
7294
1
1
1
1
7299
1
1
1
1
7304
1
1
1
1
7309
1
1
1
1
7314
1
1
1
1
7319
1
1
1
1
7324
1
1
1
1
7329
1
1
1
1
7334
1
1
1
1
7339
1
1
1
1
7344
1
1
1
1
7349
1
1
1
1
7354
1
1
1
1
7359
1
1
1
1
7364
1
1
1
1
7369
1
1
1
1
7374
1
1
1
1
7379
1
1
1
1
7384
1
1
1
1
7389
1
1
1
1
7394
1
1
1
1
7399
1
1
1
1
7404
1
1
1
1
7409
1
1
1
1
7414
1
1
1
1
7419
1
1
1
1
7424
1
1
1
1
7429
1
1
1
1
7434
1
1
1
1
7439
1
1
1
1
7444
1
1
1
1
7449
1
1
1
1
7454
1
1
1
1
7459
1
1
1
1
7464
1
1
1
1
7469
1
1
1
1
7474
1
1
1
1
7479
1
1
1
1
7484
1
1
1
1
7489
1
1
1
1
7494
1
1
1
1
7499
1
1
1
1
7504
1
1
1
1
7509
1
1
1
1
7514
1
1
1
1
7519
1
1
1
1
7524
1
1
1
1
7529
1
1
1
1
7534
1
1
1
1
7539
1
1
1
1
7544
1
1
1
1
7549
1
1
1
1
7554
1
1
1
1
7559
1
1
1
1
7564
1
1
1
1
7569
1
1
1
1
7574
1
1
1
1
7579
1
1
1
1
7584
1
1
1
1
7589
1
1
1
1
7594
1
1
1
1
7599
1
1
1
1
7604
1
1
1
1
7609
1
1
1
1
7614
1
1
1
1
7619
1
1
1
1
7624
1
1
1
1
7629
1
1
1
1
7634
1
1
1
1
7639
1
1
1
1
7644
1
1
1
1
7649
1
1
1
1
7654
1
1
1
1
7659
1
1
1
1
7664
1
1
1
1
7669
1
1
1
1
7674
1
1
1
1
7679
1
1
1
1
7684
1
1
1
1
7689
1
1
1
1
7694
1
1
1
1
7699
1
1
1
1
7704
1
1
1
1
7709
1
1
1
1
7714
1
1
1
1
7719
1
1
1
1
7724
1
1
1
1
7729
1
1
1
1
7734
1
1
1
1
7739
1
1
1
1
7744
1
1
1
1
7749
1
1
1
1
7754
1
1
1
1
7759
1
1
1
1
7764
1
1
1
1
7769
1
1
1
1
7774
1
1
1
1
7779
1
1
1
1
7784
1
1
1
1
7789
1
1
1
1
7794
1
1
1
1
7799
1
1
1
1
7804
1
1
1
1
7809
1
1
1
1
7814
1
1
1
1
7819
1
1
1
1
7824
1
1
1
1
7829
1
1
1
1
7834
1
1
1
1
7839
1
1
1
1
7844
1
1
1
1
7849
1
1
1
1
7854
1
1
1
1
7859
1
1
1
1
7864
1
1
1
1
7869
1
1
1
1
7874
1
1
1
1
7879
1
1
1
1
7884
1
1
1
1
7889
1
1
1
1
7894
1
1
1
1
7899
1
1
1
1
7904
1
1
1
1
7909
1
1
1
1
7914
1
1
1
1
7919
1
1
1
1
7924
1
1
1
1
7929
1
1
1
1
7934
1
1
1
1
7939
1
1
1
1
7944
1
1
1
1
7949
1
1
1
1
7954
1
1
1
1
7959
1
1
1
1
7964
1
1
1
1
7969
1
1
1
1
7974
1
1
1
1
7979
1
1
1
1
7984
1
1
1
1
7989
1
1
1
1
7994
1
1
1
1
7999
1
1
1
1
8004
1
1
1
1
8009
1
1
1
1
8014
1
1
1
1
8019
1
1
1
1
8024
1
1
1
1
8029
1
1
1
1
8034
1
1
1
1
8039
1
1
1
1
8044
1
1
1
1
8049
1
1
1
1
8054
1
1
1
1
8059
1
1
1
1
8064
1
1
1
1
8069
1
1
1
1
8074
1
1
1
1
8079
1
1
1
1
8084
1
1
1
1
8089
1
1
1
1
8094
1
1
1
1
8099
1
1
1
1
8104
1
1
1
1
8109
1
1
1
1
8114
1
1
1
1
8119
1
1
1
1
8124
1
1
1
1
8129
1
1
1
1
8134
1
1
1
1
8139
1
1
1
1
8144
1
1
1
1
8149
1
1
1
1
8154
1
1
1
1
8159
1
1
1
1
8164
1
1
1
1
8169
1
1
1
1
8174
1
1
1
1
8179
1
1
1
1
8184
1
1
1
1
8189
1
1
1
1
8194
1
1
1
1
8199
1
1
1
1
8204
1
1
1
1
8209
1
1
1
1
8214
1
1
1
1
8219
1
1
1
1
8224
1
1
1
1
8229
1
1
1
1
8234
1
1
1
1
8239
1
1
1
1
8244
1
1
1
1
8249
1
1
1
1
8254
1
1
1
1
8259
1
1
1
1
8264
1
1
1
1
8269
1
1
1
1
8274
1
1
1
1
8279
1
1
1
1
8284
1
1
1
1
8289
1
1
1
1
8294
1
1
1
1
8299
1
1
1
1
8304
1
1
1
1
8309
1
1
1
1
8314
1
1
1
1
8319
1
1
1
1
8324
1
1
1
1
8329
1
1
1
1
8334
1
1
1
1
8339
1
1
1
1
8344
1
1
1
1
8349
1
1
1
1
8354
1
1
1
1
8359
1
1
1
1
8364
1
1
1
1
8369
1
1
1
1
8374
1
1
1
1
8379
1
1
1
1
8384
1
1
1
1
8389
1
1
1
1
8394
1
1
1
1
8399
1
1
1
1
8404
1
1
1
1
8409
1
1
1
1
8414
1
1
1
1
8419
1
1
1
1
8424
1
1
1
1
8429
1
1
1
1
8434
1
1
1
1
8439
1
1
1
1
8444
1
1
1
1
8449
1
1
1
1
8454
1
1
1
1
8459
1
1
1
1
8464
1
1
1
1
8469
1
1
1
1
8474
1
1
1
1
8479
1
1
1
1
8484
1
1
1
1
8489
1
1
1
1
8494
1
1
1
1
8499
1
1
1
1
8504
1
1
1
1
8509
1
1
1
1
8514
1
1
1
1
8519
1
1
1
1
8524
1
1
1
1
8529
1
1
1
1
8534
1
1
1
1
8539
1
1
1
1
8544
1
1
1
1
8549
1
1
1
1
8554
1
1
1
1
8559
1
1
1
1
8564
1
1
1
1
8569
1
1
1
1
8574
1
1
1
1
8579
1
1
1
1
8584
1
1
1
1
8589
1
1
1
1
8594
1
1
1
1
8599
1
1
1
1
8604
1
1
1
1
8609
1
1
1
1
8614
1
1
1
1
8619
1
1
1
1
8624
1
1
1
1
8629
1
1
1
1
8634
1
1
1
1
8639
1
1
1
1
8644
1
1
1
1
8649
1
1
1
1
8654
1
1
1
1
8659
1
1
1
1
8664
1
1
1
1
8669
1
1
1
1
8674
1
1
1
1
8679
1
1
1
1
8684
1
1
1
1
8689
1
1
1
1
8694
1
1
1
1
8699
1
1
1
1
8704
1
1
1
1
8709
1
1
1
1
8714
1
1
1
1
8719
1
1
1
1
8724
1
1
1
1
8729
1
1
1
1
8734
1
1
1
1
8739
1
1
1
1
8744
1
1
1
1
8749
1
1
1
1
8754
1
1
1
1
8759
1
1
1
1
8764
1
1
1
1
8769
1
1
1
1
8774
1
1
1
1
8779
1
1
1
1
8784
1
1
1
1
8789
1
1
1
1
8794
1
1
1
1
8799
1
1
1
1
8804
1
1
1
1
8809
1
1
1
1
8814
1
1
1
1
8819
1
1
1
1
8824
1
1
1
1
8829
1
1
1
1
8834
1
1
1
1
8839
1
1
1
1
8844
1
1
1
1
8849
1
1
1
1
8854
1
1
1
1
8859
1
1
1
1
8864
1
1
1
1
8869
1
1
1
1
8874
1
1
1
1
8879
1
1
1
1
8884
1
1
1
1
8889
1
1
1
1
8894
1
1
1
1
8899
1
1
1
1
8904
1
1
1
1
8909
1
1
1
1
8914
1
1
1
1
8919
1
1
1
1
8924
1
1
1
1
8929
1
1
1
1
8934
1
1
1
1
8939
1
1
1
1
8944
1
1
1
1
8949
1
1
1
1
8954
1
1
1
1
8959
1
1
1
1
8964
1
1
1
1
8969
1
1
1
1
8974
1
1
1
1
8979
1
1
1
1
8984
1
1
1
1
8989
1
1
1
1
8994
1
1
1
1
8999
1
1
1
1
9004
1
1
1
1
9009
1
1
1
1
9014
1
1
1
1
9019
1
1
1
1
9024
1
1
1
1
9029
1
1
1
1
9034
1
1
1
1
9039
1
1
1
1
9044
1
1
1
1
9049
1
1
1
1
9054
1
1
1
1
9059
1
1
1
1
9064
1
1
1
1
9069
1
1
1
1
9074
1
1
1
1
9079
1
1
1
1
9084
1
1
1
1
9089
1
1
1
1
9094
1
1
1
1
9099
1
1
1
1
9104
1
1
1
1
9109
1
1
1
1
9114
1
1
1
1
9119
1
1
1
1
9124
1
1
1
1
9129
1
1
1
1
9134
1
1
1
1
9139
1
1
1
1
9144
1
1
1
1
9149
1
1
1
1
9154
1
1
1
1
9159
1
1
1
1
9164
1
1
1
1
9169
1
1
1
1
9174
1
1
1
1
9179
1
1
1
1
9184
1
1
1
1
9189
1
1
1
1
9194
1
1
1
1
9199
1
1
1
1
9204
1
1
1
1
9209
1
1
1
1
9214
1
1
1
1
9219
1
1
1
1
9224
1
1
1
1
9229
1
1
1
1
9234
1
1
1
1
9239
1
1
1
1
9244
1
1
1
1
9249
1
1
1
1
9254
1
1
1
1
9259
1
1
1
1
9264
1
1
1
1
9269
1
1
1
1
9274
1
1
1
1
9279
1
1
1
1
9284
1
1
1
1
9289
1
1
1
1
9294
1
1
1
1
9299
1
1
1
1
9304
1
1
1
1
9309
1
1
1
1
9314
1
1
1
1
9319
1
1
1
1
9324
1
1
1
1
9329
1
1
1
1
9334
1
1
1
1
9339
1
1
1
1
9344
1
1
1
1
9349
1
1
1
1
9354
1
1
1
1
9359
1
1
1
1
9364
1
1
1
1
9369
1
1
1
1
9374
1
1
1
1
9379
1
1
1
1
9384
1
1
1
1
9389
1
1
1
1
9394
1
1
1
1
9399
1
1
1
1
9404
1
1
1
1
9409
1
1
1
1
9414
1
1
1
1
9419
1
1
1
1
9424
1
1
1
1
9429
1
1
1
1
9434
1
1
1
1
9439
1
1
1
1
9444
1
1
1
1
9449
1
1
1
1
9454
1
1
1
1
9459
1
1
1
1
9464
1
1
1
1
9469
1
1
1
1
9474
1
1
1
1
9479
1
1
1
1
9484
1
1
1
1
9489
1
1
1
1
9494
1
1
1
1
9499
1
1
1
1
9504
1
1
1
1
9509
1
1
1
1
9514
1
1
1
1
9519
1
1
1
1
9524
1
1
1
1
9529
1
1
1
1
9534
1
1
1
1
9539
1
1
1
1
9544
1
1
1
1
9549
1
1
1
1
9554
1
1
1
1
9559
1
1
1
1
9564
1
1
1
1
9569
1
1
1
1
9574
1
1
1
1
9579
1
1
1
1
9584
1
1
1
1
9589
1
1
1
1
9594
1
1
1
1
9599
1
1
1
1
9604
1
1
1
1
9609
1
1
1
1
9614
1
1
1
1
9619
1
1
1
1
9624
1
1
1
1
9629
1
1
1
1
9634
1
1
1
1
9639
1
1
1
1
9644
1
1
1
1
9649
1
1
1
1
9654
1
1
1
1
9659
1
1
1
1
9664
1
1
1
1
9669
1
1
1
1
9674
1
1
1
1
9679
1
1
1
1
9684
1
1
1
1
9689
1
1
1
1
9694
1
1
1
1
9699
1
1
1
1
9704
1
1
1
1
9709
1
1
1
1
9714
1
1
1
1
9719
1
1
1
1
9724
1
1
1
1
9729
1
1
1
1
9734
1
1
1
1
9739
1
1
1
1
9744
1
1
1
1
9749
1
1
1
1
9754
1
1
1
1
9759
1
1
1
1
9764
1
1
1
1
9769
1
1
1
1
9774
1
1
1
1
9779
1
1
1
1
9784
1
1
1
1
9789
1
1
1
1
9794
1
1
1
1
9799
1
1
1
1
9804
1
1
1
1
9809
1
1
1
1
9814
1
1
1
1
9819
1
1
1
1
9824
1
1
1
1
9829
1
1
1
1
9834
1
1
1
1
9839
1
1
1
1
9844
1
1
1
1
9849
1
1
1
1
9854
1
1
1
1
9859
1
1
1
1
9864
1
1
1
1
9869
1
1
1
1
9874
1
1
1
1
9879
1
1
1
1
9884
1
1
1
1
9889
1
1
1
1
9894
1
1
1
1
9899
1
1
1
1
9904
1
1
1
1
9909
1
1
1
1
9914
1
1
1
1
9919
1
1
1
1
9924
1
1
1
1
9929
1
1
1
1
9934
1
1
1
1
9939
1
1
1
1
9944
1
1
1
1
9949
1
1
1
1
9954
1
1
1
1
9959
1
1
1
1
9964
1
1
1
1
9969
1
1
1
1
9974
1
1
1
1
9979
1
1
1
1
9984
1
1
1
1
9989
1
1
1
1
9994
1
1
1
1
9999
